t_real	tv	d_tv	p_c_x	p_c_y	p_c_z	Rc_00	Rc_01	Rc_02	Rc_10	Rc_11	Rc_12	Rc_20	Rc_21	Rc_22	p_d_x	p_d_y	p_d_z	Rd_00	Rd_01	Rd_02	Rd_10	Rd_11	Rd_12	Rd_20	Rd_21	Rd_22
0.002	0	1	-0.0475315	-0.00065075	0.356562	0.999884	0.0152099	-0.000560873	-0.01521	0.999884	-0.000233027	0.000557263	0.000241531	1	-0.0479713	-0.00065075	0.35656	0.999884	0.0152096	-0.000568518	-0.0152103	0.999884	-0.00123831	0.000549618	0.00124681	0.999999
0.004	0	1	-0.0475302	-0.000652043	0.356562	0.999884	0.015214	-0.000559312	-0.0152141	0.999884	-0.000232736	0.000555706	0.000241218	1	-0.0484111	-0.00065075	0.356554	0.999884	0.0152093	-0.000576163	-0.0152105	0.999882	-0.00224358	0.000541972	0.00225208	0.999997
0.006	0	1	-0.04753	-0.000653334	0.356562	0.999884	0.0152198	-0.000553983	-0.01522	0.999884	-0.00035444	0.000548524	0.00036283	1	-0.0488508	-0.00065075	0.356545	0.999884	0.015209	-0.000583808	-0.0152108	0.999879	-0.00324883	0.000534326	0.00325734	0.999995
0.008	0	1	-0.04753	-0.000653334	0.356562	0.999884	0.0152198	-0.000553983	-0.01522	0.999884	-0.00035444	0.000548524	0.00036283	1	-0.0492905	-0.00065075	0.356531	0.999884	0.0152087	-0.000591452	-0.015211	0.999875	-0.00425406	0.000526679	0.00426257	0.999991
0.01	0	1	-0.0475318	-0.000656905	0.356563	0.999884	0.0152264	-0.00055752	-0.0152269	0.999884	-0.000972506	0.000542648	0.000980882	0.999999	-0.0497299	-0.00065075	0.356514	0.999884	0.0152083	-0.000599095	-0.0152113	0.99987	-0.00525926	0.000519033	0.00526777	0.999986
0.012	0	1	-0.0475354	-0.000664554	0.356565	0.999884	0.0152349	-0.000556473	-0.0152355	0.999883	-0.00106905	0.000540122	0.00107741	0.999999	-0.0501692	-0.00065075	0.356493	0.999884	0.015208	-0.000606738	-0.0152115	0.999865	-0.00626442	0.000511387	0.00627292	0.99998
0.014	0	1	-0.0475392	-0.000670431	0.356566	0.999884	0.0152406	-0.000556264	-0.0152412	0.999883	-0.00110941	0.000539291	0.00112983	0.999999	-0.0506083	-0.00065075	0.356467	0.999884	0.0152077	-0.000614381	-0.0152118	0.999858	-0.00726953	0.000503741	0.00727804	0.999973
0.016	0	1	-0.0475409	-0.000672693	0.356566	0.999884	0.0152428	-0.000556353	-0.0152434	0.999883	-0.00112449	0.000539148	0.00113284	0.999999	-0.0510472	-0.00065075	0.356438	0.999884	0.0152073	-0.000622022	-0.015212	0.99985	-0.00827459	0.000496095	0.00828309	0.999966
0.018	0	1	-0.0475487	-0.000681272	0.356568	0.999884	0.0152511	-0.000557717	-0.0152517	0.999883	-0.00118257	0.000539617	0.00119094	0.999999	-0.0514858	-0.00065075	0.356406	0.999884	0.015207	-0.000629663	-0.0152122	0.999841	-0.00927958	0.000488449	0.00928808	0.999957
0.02	0	1	-0.047558	-0.000689401	0.35657	0.999883	0.0152591	-0.000561026	-0.0152598	0.999883	-0.00123985	0.000542041	0.00124826	0.999999	-0.0519241	-0.00065075	0.356369	0.999884	0.0152066	-0.000637303	-0.0152124	0.999831	-0.0102845	0.000480803	0.010293	0.999947
0.022	0	1	-0.047558	-0.000689401	0.35657	0.999883	0.0152591	-0.000561026	-0.0152598	0.999883	-0.00123985	0.000542041	0.00124826	0.999999	-0.052362	-0.00065075	0.356328	0.999884	0.0152063	-0.000644943	-0.0152126	0.999821	-0.0112893	0.000473158	0.0112978	0.999936
0.024	0	1	-0.0475692	-0.000697526	0.356572	0.999883	0.0152673	-0.000566318	-0.015268	0.999883	-0.00129785	0.000546437	0.00130635	0.999999	-0.0527996	-0.00065075	0.356284	0.999884	0.0152059	-0.000652581	-0.0152128	0.999809	-0.0122941	0.000465513	0.0123026	0.999924
0.026	0	1	-0.0475837	-0.000706547	0.356574	0.999883	0.0152768	-0.000574329	-0.0152776	0.999882	-0.00136223	0.000553451	0.00137084	0.999999	-0.0532368	-0.00065075	0.356236	0.999884	0.0152055	-0.000660218	-0.015213	0.999796	-0.0132988	0.000457869	0.0133073	0.999911
0.028	0	1	-0.0475837	-0.000706547	0.356574	0.999883	0.0152768	-0.000574329	-0.0152776	0.999882	-0.00136223	0.000553451	0.00137084	0.999999	-0.0536735	-0.00065075	0.356184	0.999884	0.0152051	-0.000667854	-0.0152131	0.999782	-0.0143033	0.000450225	0.0143118	0.999897
0.03	0	1	-0.0475989	-0.000714658	0.356576	0.999883	0.0152856	-0.000582865	-0.0152864	0.999882	-0.00142394	0.000561031	0.00143268	0.999999	-0.0541097	-0.00065075	0.356128	0.999884	0.0152048	-0.000675489	-0.0152133	0.999767	-0.0153078	0.000442581	0.0153163	0.999883
0.032	0	1	-0.0476189	-0.000723344	0.356578	0.999883	0.0152941	-0.000590203	-0.015295	0.999882	-0.00150017	0.00056719	0.00150902	0.999999	-0.0545455	-0.00065075	0.356068	0.999884	0.0152043	-0.000683123	-0.0152135	0.999751	-0.0163121	0.000434938	0.0163206	0.999867
0.034	0	1	-0.0476189	-0.000723344	0.356578	0.999883	0.0152941	-0.000590203	-0.015295	0.999882	-0.00150017	0.00056719	0.00150902	0.999999	-0.0549807	-0.00065075	0.356004	0.999884	0.0152039	-0.000690756	-0.0152136	0.999734	-0.0173163	0.000427296	0.0173248	0.99985
0.036	0	1	-0.0476473	-0.000733727	0.356581	0.999883	0.0153024	-0.000600336	-0.0153033	0.999882	-0.00158973	0.000575938	0.00159873	0.999999	-0.0554153	-0.00065075	0.355937	0.999884	0.0152035	-0.000698387	-0.0152138	0.999716	-0.0183204	0.000419655	0.0183289	0.999832
0.038	0	1	-0.0476765	-0.000742994	0.356583	0.999883	0.0153082	-0.000612512	-0.0153092	0.999881	-0.00166842	0.000586899	0.00167761	0.999998	-0.0558493	-0.00065075	0.355865	0.999884	0.0152031	-0.000706017	-0.0152139	0.999698	-0.0193243	0.000412015	0.0193328	0.999813
0.04	0	1	-0.0477081	-0.000752028	0.356584	0.999883	0.0153125	-0.000627393	-0.0153136	0.999881	-0.00174417	0.000600611	0.00175357	0.999998	-0.0562827	-0.00065075	0.35579	0.999884	0.0152027	-0.000713646	-0.015214	0.999678	-0.0203281	0.000404375	0.0203366	0.999793
0.042	0	1	-0.0477081	-0.000752028	0.356584	0.999883	0.0153125	-0.000627393	-0.0153136	0.999881	-0.00174417	0.000600611	0.00175357	0.999998	-0.0567154	-0.00065075	0.355712	0.999884	0.0152022	-0.000721273	-0.0152142	0.999657	-0.0213317	0.000396736	0.0213402	0.999772
0.044	0	1	-0.0477519	-0.000763407	0.356586	0.999882	0.0153165	-0.000649983	-0.0153177	0.999881	-0.0018383	0.000621749	0.00184804	0.999998	-0.0571473	-0.00065075	0.355629	0.999884	0.0152018	-0.000728898	-0.0152143	0.999635	-0.0223351	0.000389098	0.0223436	0.99975
0.046	0	1	-0.0477942	-0.000773528	0.356587	0.999882	0.0153188	-0.00067329	-0.0153201	0.999881	-0.00192092	0.000643784	0.001931	0.999998	-0.0575786	-0.00065075	0.355542	0.999884	0.0152013	-0.000736522	-0.0152144	0.999612	-0.0233384	0.000381461	0.0233469	0.999727
0.048	0	1	-0.0477942	-0.000773528	0.356587	0.999882	0.0153188	-0.00067329	-0.0153201	0.999881	-0.00192092	0.000643784	0.001931	0.999998	-0.058009	-0.00065075	0.355452	0.999884	0.0152009	-0.000744145	-0.0152145	0.999588	-0.0243415	0.000373826	0.02435	0.999703
0.05	0	1	-0.0478381	-0.000783368	0.356588	0.999882	0.0153201	-0.000698514	-0.0153215	0.999881	-0.00200028	0.000667787	0.00201074	0.999998	-0.0584387	-0.00065075	0.355358	0.999884	0.0152004	-0.000751765	-0.0152146	0.999563	-0.0253444	0.000366191	0.0253529	0.999678
0.052	0	1	-0.0478858	-0.000793451	0.356589	0.999882	0.0153206	-0.000726664	-0.015322	0.99988	-0.00208075	0.000694698	0.00209164	0.999998	-0.0588675	-0.00065075	0.35526	0.999884	0.0151999	-0.000759384	-0.0152146	0.999537	-0.0263471	0.000358558	0.0263557	0.999653
0.054	0	1	-0.0479371	-0.000803779	0.356589	0.999882	0.0153202	-0.000757605	-0.0153218	0.99988	-0.00216252	0.000724384	0.00217387	0.999997	-0.0592954	-0.00065075	0.355159	0.999884	0.0151994	-0.000767001	-0.0152147	0.99951	-0.0273497	0.000350926	0.0273582	0.999626
0.056	0	1	-0.0479371	-0.000803779	0.356589	0.999882	0.0153202	-0.000757605	-0.0153218	0.99988	-0.00216252	0.000724384	0.00217387	0.999997	-0.0597224	-0.00065075	0.355053	0.999884	0.0151989	-0.000774616	-0.0152148	0.999482	-0.028352	0.000343295	0.0283605	0.999598
0.058	0	1	-0.0479971	-0.000815096	0.356589	0.999882	0.0153183	-0.000789852	-0.01532	0.99988	-0.00225835	0.000755163	0.00227018	0.999997	-0.0601485	-0.00065075	0.354944	0.999884	0.0151984	-0.000782229	-0.0152149	0.999453	-0.029354	0.000335666	0.0293625	0.999569
0.06	0	1	-0.0480644	-0.000827073	0.356589	0.999882	0.0153143	-0.000822334	-0.0153162	0.99988	-0.00235681	0.000786143	0.00236913	0.999997	-0.0605736	-0.00065075	0.354831	0.999884	0.0151979	-0.00078984	-0.0152149	0.999423	-0.0303559	0.000328038	0.0303644	0.999539
0.062	0	1	-0.0481348	-0.000839054	0.356587	0.999882	0.0153086	-0.000856922	-0.0153107	0.99988	-0.00245213	0.000819281	0.00246496	0.999997	-0.0609977	-0.00065075	0.354715	0.999884	0.0151974	-0.000797449	-0.0152149	0.999392	-0.0313575	0.000320412	0.031366	0.999508
0.064	0	1	-0.0481348	-0.000839054	0.356587	0.999882	0.0153086	-0.000856922	-0.0153107	0.99988	-0.00245213	0.000819281	0.00246496	0.999997	-0.0614207	-0.00065075	0.354594	0.999884	0.0151969	-0.000805056	-0.015215	0.99936	-0.0323589	0.000312787	0.0323674	0.999476
0.066	0	1	-0.048216	-0.000852374	0.356585	0.999883	0.0153012	-0.000898585	-0.0153034	0.99988	-0.00255471	0.000859387	0.00256816	0.999996	-0.0618427	-0.00065075	0.35447	0.999884	0.0151964	-0.000812661	-0.015215	0.999328	-0.03336	0.000305164	0.0333685	0.999443
0.068	0	1	-0.0482996	-0.000865627	0.356583	0.999883	0.0152931	-0.000943125	-0.0152956	0.999879	-0.00265368	0.000902428	0.00266779	0.999996	-0.0622636	-0.00065075	0.354343	0.999884	0.0151958	-0.000820263	-0.015215	0.999294	-0.0343608	0.000297543	0.0343693	0.999409
0.07	0	1	-0.0483044	-0.000866381	0.356583	0.999883	0.0152926	-0.000945743	-0.0152951	0.999879	-0.00265923	0.000904962	0.00267338	0.999996	-0.0626833	-0.00065075	0.354211	0.999884	0.0151953	-0.000827863	-0.0152151	0.999259	-0.0353614	0.000289923	0.0353699	0.999374
0.072	0	1	-0.0483999	-0.000881065	0.356579	0.999883	0.0152833	-0.000998309	-0.015286	0.999879	-0.00276566	0.00095592	0.0027806	0.999996	-0.0631018	-0.00065075	0.354076	0.999884	0.0151947	-0.000835461	-0.0152151	0.999223	-0.0363617	0.000282305	0.0363702	0.999338
0.074	0	1	-0.0485137	-0.000898074	0.356574	0.999883	0.0152724	-0.00106248	-0.0152754	0.999879	-0.00288643	0.00101827	0.00290232	0.999995	-0.0635192	-0.00065075	0.353937	0.999884	0.0151942	-0.000843056	-0.0152151	0.999186	-0.0373618	0.000274689	0.0373703	0.999301
0.076	0	1	-0.0485137	-0.000898074	0.356574	0.999883	0.0152724	-0.00106248	-0.0152754	0.999879	-0.00288643	0.00101827	0.00290232	0.999995	-0.0639353	-0.00065075	0.353795	0.999884	0.0151936	-0.000850649	-0.015215	0.999148	-0.0383615	0.000267075	0.03837	0.999264
0.078	0	1	-0.0486257	-0.000914331	0.356569	0.999883	0.0152614	-0.00112278	-0.0152647	0.999879	-0.0030028	0.00107682	0.00301959	0.999995	-0.0643501	-0.00065075	0.353649	0.999884	0.015193	-0.00085824	-0.015215	0.999109	-0.039361	0.000259463	0.0393695	0.999225
0.08	0	1	-0.0487339	-0.000929717	0.356563	0.999883	0.0152503	-0.00117902	-0.0152539	0.999879	-0.00310991	0.00113145	0.00312753	0.999994	-0.0647637	-0.00065075	0.353499	0.999884	0.0151924	-0.000865827	-0.015215	0.999069	-0.0403601	0.000251853	0.0403686	0.999185
0.082	0	1	-0.0488568	-0.000946904	0.356555	0.999883	0.0152374	-0.0012431	-0.0152413	0.999879	-0.00322598	0.0011938	0.00324455	0.999994	-0.0651759	-0.00065075	0.353345	0.999884	0.0151919	-0.000873412	-0.015215	0.999029	-0.0413589	0.000244245	0.0413674	0.999144
0.084	0	1	-0.0488639	-0.000947886	0.356555	0.999883	0.0152366	-0.00124682	-0.0152406	0.999879	-0.00323249	0.00119742	0.00325111	0.999994	-0.0655867	-0.00065075	0.353188	0.999884	0.0151913	-0.000880995	-0.0152149	0.998987	-0.0423574	0.00023664	0.0423659	0.999102
0.086	0	1	-0.0490033	-0.000967079	0.356545	0.999883	0.0152219	-0.00132092	-0.0152262	0.999878	-0.00335808	0.00126964	0.0033778	0.999993	-0.0659962	-0.00065075	0.353028	0.999884	0.0151906	-0.000888574	-0.0152149	0.998944	-0.0433556	0.000229036	0.0433641	0.999059
0.088	0	1	-0.0491521	-0.000987287	0.356534	0.999883	0.0152064	-0.00140155	-0.0152112	0.999878	-0.00348655	0.00134836	0.00350747	0.999993	-0.0664042	-0.00065075	0.352864	0.999884	0.01519	-0.000896151	-0.0152148	0.9989	-0.0443534	0.000221435	0.0443619	0.999016
0.09	0	1	-0.0491521	-0.000987287	0.356534	0.999883	0.0152064	-0.00140155	-0.0152112	0.999878	-0.00348655	0.00134836	0.00350747	0.999993	-0.0668107	-0.00065075	0.352696	0.999884	0.0151894	-0.000903725	-0.0152148	0.998855	-0.0453509	0.000213836	0.0453594	0.998971
0.092	0	1	-0.0493104	-0.0010085	0.356522	0.999884	0.0151904	-0.00148871	-0.0151957	0.999878	-0.00361791	0.00143357	0.00364011	0.999992	-0.0672158	-0.00065075	0.352524	0.999884	0.0151888	-0.000911296	-0.0152147	0.998809	-0.0463481	0.00020624	0.0463566	0.998925
0.094	0	1	-0.0493104	-0.0010085	0.356522	0.999884	0.0151904	-0.00148871	-0.0151957	0.999878	-0.00361791	0.00143357	0.00364011	0.999992	-0.0676193	-0.00065075	0.35235	0.999884	0.0151882	-0.000918863	-0.0152146	0.998763	-0.0473448	0.000198646	0.0473533	0.998878
0.096	0	1	-0.049478	-0.0010307	0.356509	0.999884	0.0151741	-0.00158232	-0.01518	0.999878	-0.00375203	0.0015252	0.00377561	0.999992	-0.0680213	-0.00065075	0.352171	0.999884	0.0151875	-0.000926428	-0.0152145	0.998715	-0.0483413	0.000191054	0.0483498	0.99883
0.098	0	1	-0.0496551	-0.00105388	0.356494	0.999884	0.0151576	-0.00168233	-0.0151641	0.999877	-0.00388894	0.00162318	0.003914	0.999991	-0.0684217	-0.00065075	0.351989	0.999884	0.0151869	-0.00093399	-0.0152145	0.998666	-0.0493373	0.000183465	0.0493458	0.998782
0.1	0	1	-0.0498416	-0.00107804	0.356478	0.999884	0.0151409	-0.00178868	-0.015148	0.999877	-0.00402894	0.00172745	0.00405556	0.99999	-0.0688205	-0.00065075	0.351804	0.999884	0.0151862	-0.000941548	-0.0152144	0.998617	-0.0503329	0.000175879	0.0503414	0.998732
0.102	0	1	-0.0498416	-0.00107804	0.356478	0.999884	0.0151409	-0.00178868	-0.015148	0.999877	-0.00402894	0.00172745	0.00405556	0.99999	-0.0692176	-0.00065075	0.351615	0.999884	0.0151855	-0.000949103	-0.0152142	0.998566	-0.0513282	0.000168296	0.0513367	0.998681
0.104	0	1	-0.0500384	-0.00110328	0.35646	0.999884	0.0151234	-0.00189891	-0.0151312	0.999877	-0.00417676	0.00183551	0.00420501	0.999989	-0.0696131	-0.00065075	0.351422	0.999884	0.0151849	-0.000956655	-0.0152141	0.998514	-0.0523231	0.000160715	0.0523316	0.99863
0.106	0	1	-0.0502462	-0.00112976	0.35644	0.999884	0.0151046	-0.00201318	-0.0151132	0.999876	-0.00432797	0.00194756	0.00435789	0.999989	-0.0700068	-0.00065075	0.351226	0.999884	0.0151842	-0.000964204	-0.015214	0.998462	-0.0533175	0.000153137	0.053326	0.998577
0.108	0	1	-0.0502462	-0.00112976	0.35644	0.999884	0.0151046	-0.00201318	-0.0151132	0.999876	-0.00432797	0.00194756	0.00435789	0.999989	-0.0703988	-0.00065075	0.351027	0.999884	0.0151835	-0.000971749	-0.0152139	0.998408	-0.0543116	0.000145562	0.0543201	0.998524
0.11	0	1	-0.0504533	-0.00115598	0.356419	0.999884	0.0150857	-0.00212708	-0.0150951	0.999876	-0.00447448	0.00205932	0.00450607	0.999988	-0.0707891	-0.00065075	0.350824	0.999884	0.0151828	-0.000979291	-0.0152137	0.998354	-0.0553052	0.00013799	0.0553137	0.998469
0.112	0	1	-0.0506824	-0.00118485	0.356396	0.999884	0.015065	-0.00225391	-0.0150753	0.999876	-0.00463256	0.00218384	0.004666	0.999987	-0.0711775	-0.00065075	0.350617	0.999884	0.0151821	-0.000986829	-0.0152136	0.998298	-0.0562984	0.000130421	0.0563069	0.998414
0.114	0	1	-0.0508201	-0.00120213	0.356381	0.999884	0.0150528	-0.00233052	-0.0150637	0.999875	-0.00472562	0.0022591	0.00476018	0.999986	-0.0715641	-0.00065075	0.350408	0.999884	0.0151814	-0.000994363	-0.0152134	0.998242	-0.0572911	0.000122855	0.0572996	0.998357
0.116	0	1	-0.0509096	-0.00121333	0.356371	0.999884	0.0150449	-0.0023805	-0.0150562	0.999875	-0.00478546	0.0023082	0.00482075	0.999986	-0.0719489	-0.00065075	0.350195	0.999884	0.0151807	-0.00100189	-0.0152133	0.998184	-0.0582834	0.000115292	0.0582919	0.9983
0.118	0	1	-0.0512415	-0.00125468	0.356335	0.999884	0.0150164	-0.00256676	-0.0150291	0.999875	-0.00500282	0.00249131	0.00504082	0.999984	-0.0723317	-0.00065075	0.349978	0.999884	0.01518	-0.00100942	-0.0152131	0.998126	-0.0592753	0.000107732	0.0592838	0.998241
0.12	0	1	-0.0512415	-0.00125468	0.356335	0.999884	0.0150164	-0.00256676	-0.0150291	0.999875	-0.00500282	0.00249131	0.00504082	0.999984	-0.0727127	-0.00065075	0.349758	0.999884	0.0151792	-0.00101694	-0.0152129	0.998066	-0.0602667	0.000100175	0.0602752	0.998182
0.122	0	1	-0.0515065	-0.00128749	0.356305	0.999884	0.0149945	-0.00271649	-0.0150084	0.999874	-0.00517187	0.0026386	0.00521204	0.999983	-0.0730917	-0.00065075	0.349535	0.999884	0.0151785	-0.00102446	-0.0152128	0.998006	-0.0612576	9.26219e-05	0.0612661	0.998121
0.124	0	1	-0.0517677	-0.00131968	0.356275	0.999884	0.0149734	-0.00286474	-0.0149885	0.999873	-0.00533669	0.00278447	0.00537901	0.999982	-0.0734687	-0.00065075	0.349309	0.999884	0.0151778	-0.00103198	-0.0152126	0.997945	-0.0622481	8.5072e-05	0.0622566	0.99806
0.126	0	1	-0.0520395	-0.00135305	0.356243	0.999884	0.0149515	-0.00301719	-0.014968	0.999873	-0.00550814	0.00293445	0.00555266	0.99998	-0.0738437	-0.00065075	0.349079	0.999884	0.015177	-0.00103949	-0.0152124	0.997883	-0.063238	7.75255e-05	0.0632465	0.997998
0.128	0	1	-0.0520395	-0.00135305	0.356243	0.999884	0.0149515	-0.00301719	-0.014968	0.999873	-0.00550814	0.00293445	0.00555266	0.99998	-0.0742167	-0.00065075	0.348846	0.999884	0.0151763	-0.001047	-0.0152122	0.997819	-0.0642275	6.99824e-05	0.064236	0.997935
0.13	0	1	-0.052338	-0.00138964	0.356206	0.999884	0.0149275	-0.00318353	-0.0149455	0.999872	-0.00569281	0.00309815	0.00573973	0.999979	-0.0745876	-0.00065075	0.348609	0.999884	0.0151755	-0.0010545	-0.015212	0.997755	-0.0652165	6.24429e-05	0.065225	0.997871
0.132	0	1	-0.0526486	-0.00142764	0.356167	0.999883	0.0149027	-0.00335661	-0.0149223	0.999871	-0.00588141	0.00326853	0.00593081	0.999977	-0.0749564	-0.00065075	0.34837	0.999884	0.0151747	-0.001062	-0.0152117	0.99769	-0.066205	5.49069e-05	0.0662135	0.997805
0.134	0	1	-0.0526486	-0.00142764	0.356167	0.999883	0.0149027	-0.00335661	-0.0149223	0.999871	-0.00588141	0.00326853	0.00593081	0.999977	-0.0753231	-0.00065075	0.348127	0.999884	0.0151739	-0.0010695	-0.0152115	0.997624	-0.0671929	4.73746e-05	0.0672014	0.997739
0.136	0	1	-0.0529712	-0.00146704	0.356125	0.999883	0.0148773	-0.0035368	-0.0148986	0.999871	-0.00607385	0.00344598	0.00612583	0.999975	-0.0756876	-0.00065075	0.347881	0.999884	0.0151732	-0.00107699	-0.0152113	0.997557	-0.0681804	3.9846e-05	0.0681889	0.997672
0.138	0	1	-0.0533059	-0.00150784	0.356081	0.999883	0.0148516	-0.00372429	-0.0148747	0.99987	-0.00627015	0.00363069	0.00632482	0.999973	-0.07605	-0.00065075	0.347632	0.999884	0.0151724	-0.00108448	-0.015211	0.997489	-0.0691673	3.23211e-05	0.0691758	0.997604
0.14	0	1	-0.0536526	-0.00155002	0.356034	0.999882	0.0148255	-0.00391923	-0.0148506	0.999869	-0.00647026	0.00382279	0.0065277	0.999971	-0.0764102	-0.00065075	0.347379	0.999884	0.0151716	-0.00109196	-0.0152108	0.99742	-0.0701537	2.48e-05	0.0701622	0.997536
0.142	0	1	-0.0540115	-0.00159358	0.355985	0.999882	0.0147991	-0.00412173	-0.0148264	0.999868	-0.00667414	0.00402241	0.00673446	0.999969	-0.0767681	-0.00065075	0.347124	0.999884	0.0151708	-0.00109944	-0.0152105	0.99735	-0.0711395	1.72828e-05	0.071148	0.997466
0.144	0	1	-0.0540115	-0.00159358	0.355985	0.999882	0.0147991	-0.00412173	-0.0148264	0.999868	-0.00667414	0.00402241	0.00673446	0.999969	-0.0771237	-0.00065075	0.346865	0.999884	0.0151699	-0.00110691	-0.0152103	0.99728	-0.0721248	9.76958e-06	0.0721333	0.997395
0.146	0	1	-0.0543825	-0.00163849	0.355933	0.999882	0.0147723	-0.00433165	-0.0148019	0.999867	-0.00688661	0.00422934	0.00694991	0.999967	-0.0774771	-0.00065075	0.346603	0.999884	0.0151691	-0.00111438	-0.01521	0.997208	-0.0731095	2.26031e-06	0.073118	0.997323
0.148	0	1	-0.0548891	-0.00169976	0.35586	0.999881	0.0147364	-0.00461745	-0.0147693	0.999865	-0.00717569	0.00451108	0.00724303	0.999964	-0.0778282	-0.00065075	0.346338	0.999884	0.0151683	-0.00112184	-0.0152097	0.997135	-0.0740937	-5.24493e-06	0.0741022	0.997251
0.15	0	1	-0.0548891	-0.00169976	0.35586	0.999881	0.0147364	-0.00461745	-0.0147693	0.999865	-0.00717569	0.00451108	0.00724303	0.999964	-0.0781769	-0.00065075	0.34607	0.999884	0.0151675	-0.0011293	-0.0152094	0.997062	-0.0750773	-1.27461e-05	0.0750858	0.997177
0.152	0	1	-0.0552884	-0.00174804	0.3558	0.99988	0.0147089	-0.00484232	-0.0147445	0.999864	-0.0074001	0.00473282	0.00747061	0.999961	-0.0785232	-0.00065075	0.345799	0.999884	0.0151666	-0.00113676	-0.0152092	0.996987	-0.0760603	-2.0243e-05	0.0760688	0.997103
0.154	0	1	-0.055678	-0.00179513	0.35574	0.999879	0.0146828	-0.00506185	-0.0147211	0.999863	-0.00761642	0.00494932	0.00769001	0.999958	-0.0788672	-0.00065075	0.345525	0.999884	0.0151658	-0.00114421	-0.0152089	0.996912	-0.0770427	-2.77358e-05	0.0770512	0.997027
0.156	0	1	-0.055678	-0.00179513	0.35574	0.999879	0.0146828	-0.00506185	-0.0147211	0.999863	-0.00761642	0.00494932	0.00769001	0.999958	-0.0792087	-0.00065075	0.345248	0.999884	0.0151649	-0.00115166	-0.0152085	0.996835	-0.0780245	-3.52243e-05	0.078033	0.996951
0.158	0	1	-0.0561014	-0.00184626	0.355674	0.999879	0.0146551	-0.00530059	-0.0146965	0.999861	-0.00784867	0.00518483	0.00792562	0.999955	-0.0795477	-0.00065075	0.344967	0.999884	0.0151641	-0.0011591	-0.0152082	0.996758	-0.0790057	-4.27085e-05	0.0790142	0.996873
0.16	0	1	-0.0565372	-0.00189886	0.355605	0.999878	0.0146272	-0.00554674	-0.0146718	0.99986	-0.00808491	0.0054277	0.0081653	0.999952	-0.0798843	-0.00065075	0.344684	0.999884	0.0151632	-0.00116653	-0.0152079	0.99668	-0.0799863	-5.01882e-05	0.0799948	0.996795
0.162	0	1	-0.0565372	-0.00189886	0.355605	0.999878	0.0146272	-0.00554674	-0.0146718	0.99986	-0.00808491	0.0054277	0.0081653	0.999952	-0.0802184	-0.00065075	0.344398	0.999884	0.0151623	-0.00117396	-0.0152076	0.996601	-0.0809663	-5.76636e-05	0.0809748	0.996716
0.164	0	1	-0.0569856	-0.00195292	0.355533	0.999877	0.0145992	-0.00580046	-0.0146472	0.999858	-0.00832509	0.00567809	0.00840903	0.999949	-0.08055	-0.00065075	0.344109	0.999884	0.0151614	-0.00118139	-0.0152073	0.996521	-0.0819457	-6.51344e-05	0.0819542	0.996636
0.166	0	1	-0.0574467	-0.00200843	0.355458	0.999875	0.014571	-0.00606189	-0.0146227	0.999856	-0.00856969	0.00593615	0.00865727	0.999945	-0.080879	-0.00065075	0.343817	0.999884	0.0151605	-0.00118881	-0.0152069	0.99644	-0.0829244	-7.26007e-05	0.0829329	0.996555
0.168	0	1	-0.0574467	-0.00200843	0.355458	0.999875	0.014571	-0.00606189	-0.0146227	0.999856	-0.00856969	0.00593615	0.00865727	0.999945	-0.0812054	-0.00065075	0.343523	0.999884	0.0151596	-0.00119623	-0.0152066	0.996358	-0.0839025	-8.00623e-05	0.083911	0.996473
0.17	0	1	-0.0579199	-0.0020653	0.35538	0.999874	0.0145427	-0.00633156	-0.0145984	0.999854	-0.00883032	0.00620222	0.00892164	0.999941	-0.0815292	-0.00065075	0.343225	0.999884	0.0151587	-0.00120364	-0.0152062	0.996275	-0.08488	-8.75193e-05	0.0848884	0.99639
0.172	0	1	-0.0584052	-0.00212351	0.355297	0.999873	0.0145149	-0.0066092	-0.0145748	0.999852	-0.00910257	0.0064761	0.00919774	0.999937	-0.0818504	-0.00065075	0.342924	0.999884	0.0151578	-0.00121104	-0.0152058	0.996191	-0.0858567	-9.49716e-05	0.0858652	0.996307
0.174	0	1	-0.0584052	-0.00212351	0.355297	0.999873	0.0145149	-0.0066092	-0.0145748	0.999852	-0.00910257	0.0064761	0.00919774	0.999937	-0.0821689	-0.00065075	0.342621	0.999884	0.0151569	-0.00121844	-0.0152055	0.996107	-0.0868329	-0.000102419	0.0868414	0.996222
0.176	0	1	-0.0589026	-0.00218309	0.355211	0.999871	0.0144876	-0.00689411	-0.014552	0.99985	-0.00938148	0.00675716	0.0094806	0.999932	-0.0824848	-0.00065075	0.342315	0.999884	0.015156	-0.00122584	-0.0152051	0.996021	-0.0878083	-0.000109862	0.0878168	0.996137
0.178	0	1	-0.0593851	-0.00224083	0.355126	0.99987	0.0144623	-0.00717077	-0.0145312	0.999848	-0.00965019	0.00703012	0.00975314	0.999928	-0.0827979	-0.00065075	0.342006	0.999884	0.0151551	-0.00123323	-0.0152047	0.995935	-0.0887831	-0.000117299	0.0887916	0.99605
0.18	0	1	-0.0599065	-0.00230316	0.355032	0.999868	0.0144361	-0.0074701	-0.01451	0.999845	-0.0099377	0.00732548	0.0100448	0.999923	-0.0831083	-0.00065075	0.341695	0.999884	0.0151541	-0.00124061	-0.0152043	0.995848	-0.0897572	-0.000124732	0.0897657	0.995963
0.182	0	1	-0.0599065	-0.00230316	0.355032	0.999868	0.0144361	-0.0074701	-0.01451	0.999845	-0.0099377	0.00732548	0.0100448	0.999923	-0.083416	-0.00065075	0.34138	0.999884	0.0151532	-0.00124799	-0.0152039	0.995759	-0.0907306	-0.00013216	0.0907391	0.995875
0.184	0	1	-0.0604118	-0.00236352	0.35494	0.999866	0.0144119	-0.00776072	-0.0144908	0.999843	-0.0102134	0.00761231	0.0103245	0.999918	-0.0837209	-0.00065075	0.341063	0.999884	0.0151522	-0.00125536	-0.0152035	0.99567	-0.0917033	-0.000139583	0.0917118	0.995786
0.186	0	1	-0.0609574	-0.00242861	0.35484	0.999864	0.0143869	-0.00807499	-0.0144714	0.99984	-0.0105073	0.00792253	0.0106227	0.999912	-0.0840229	-0.00065075	0.340744	0.999884	0.0151513	-0.00126273	-0.0152031	0.99558	-0.0926753	-0.000147	0.0926838	0.995696
0.188	0	1	-0.0609574	-0.00242861	0.35484	0.999864	0.0143869	-0.00807499	-0.0144714	0.99984	-0.0105073	0.00792253	0.0106227	0.999912	-0.0843222	-0.00065075	0.340421	0.999884	0.0151503	-0.00127009	-0.0152027	0.995489	-0.0936466	-0.000154413	0.0936551	0.995605
0.19	0	1	-0.0614859	-0.0024916	0.354742	0.999862	0.0143638	-0.00837995	-0.0144538	0.999837	-0.0107886	0.00822362	0.0109082	0.999907	-0.0846186	-0.00065075	0.340096	0.999884	0.0151493	-0.00127745	-0.0152023	0.995398	-0.0946171	-0.00016182	0.0946256	0.995513
0.192	0	1	-0.0614859	-0.0024916	0.354742	0.999862	0.0143638	-0.00837995	-0.0144538	0.999837	-0.0107886	0.00822362	0.0109082	0.999907	-0.0849122	-0.00065075	0.339769	0.999884	0.0151484	-0.0012848	-0.0152018	0.995305	-0.095587	-0.000169222	0.0955955	0.99542
0.194	0	0.961538	-0.0620256	-0.00255578	0.354641	0.999859	0.0143409	-0.0086925	-0.0144369	0.999834	-0.0110816	0.00853214	0.0112056	0.999901	-0.0852028	-0.00065075	0.339439	0.999884	0.0151474	-0.00129214	-0.0152014	0.995211	-0.0965561	-0.000176618	0.0965646	0.995327
0.196	0	0.925926	-0.0625755	-0.00262088	0.354535	0.999857	0.0143176	-0.00901376	-0.0144201	0.999831	-0.01141	0.00884887	0.0115384	0.999894	-0.0854905	-0.00065075	0.339106	0.999884	0.0151464	-0.00129948	-0.0152009	0.995117	-0.0975244	-0.000184009	0.0975329	0.995232
0.198	0	0.892857	-0.0631356	-0.00268697	0.354426	0.999854	0.0142942	-0.00934187	-0.0144037	0.999827	-0.0117576	0.00917219	0.0118904	0.999887	-0.0857753	-0.00065075	0.338771	0.999884	0.0151454	-0.00130681	-0.0152005	0.995022	-0.098492	-0.000191395	0.0985005	0.995137
0.2	0	0.862069	-0.063738	-0.00275791	0.354305	0.999851	0.0142696	-0.00969468	-0.0143868	0.999823	-0.0121349	0.0095198	0.0122725	0.999879	-0.0860572	-0.00065075	0.338433	0.999884	0.0151444	-0.00131414	-0.0152	0.994926	-0.0994589	-0.000198775	0.0994674	0.995041
0.202	0	0.833333	-0.063738	-0.00275791	0.354305	0.999851	0.0142696	-0.00969468	-0.0143868	0.999823	-0.0121349	0.0095198	0.0122725	0.999879	-0.086336	-0.00065075	0.338093	0.999884	0.0151434	-0.00132146	-0.0151995	0.994829	-0.100425	-0.00020615	0.100433	0.994944
0.204	0	0.806452	-0.0643521	-0.00283008	0.354181	0.999848	0.0142452	-0.010054	-0.0143707	0.999818	-0.0125183	0.00987387	0.0126608	0.999871	-0.0866119	-0.00065075	0.337751	0.999884	0.0151424	-0.00132877	-0.0151991	0.994731	-0.10139	-0.000213519	0.101399	0.994846
0.206	0	0.78125	-0.064978	-0.00290351	0.354052	0.999845	0.0142211	-0.0104201	-0.0143552	0.999814	-0.0129059	0.0102346	0.0130535	0.999862	-0.0868847	-0.00065075	0.337406	0.999884	0.0151414	-0.00133608	-0.0151986	0.994632	-0.102355	-0.000220882	0.102363	0.994747
0.208	0	0.757576	-0.064978	-0.00290351	0.354052	0.999845	0.0142211	-0.0104201	-0.0143552	0.999814	-0.0129059	0.0102346	0.0130535	0.999862	-0.0871545	-0.00065075	0.337058	0.999884	0.0151403	-0.00134338	-0.0151981	0.994532	-0.103319	-0.000228239	0.103327	0.994647
0.21	0	0.735294	-0.0656159	-0.00297822	0.353919	0.999841	0.0141973	-0.0107932	-0.0143404	0.999809	-0.0132971	0.0106024	0.0134498	0.999853	-0.0874212	-0.00065075	0.336709	0.999884	0.0151393	-0.00135068	-0.0151976	0.994432	-0.104282	-0.000235591	0.10429	0.994547
0.212	0	0.714286	-0.0662659	-0.00305423	0.353782	0.999837	0.0141737	-0.0111737	-0.0143263	0.999804	-0.013692	0.0109775	0.0138499	0.999844	-0.0876849	-0.00065075	0.336357	0.999884	0.0151383	-0.00135797	-0.0151971	0.99433	-0.105244	-0.000242937	0.105252	0.994446
0.214	0	0.694445	-0.0666472	-0.00311493	0.35367	0.999835	0.0141598	-0.0113979	-0.0143151	0.999799	-0.0140226	0.0112796	0.0141847	0.999836	-0.0879454	-0.00065075	0.336002	0.999884	0.0151372	-0.00136525	-0.0151966	0.994228	-0.106205	-0.000250277	0.106213	0.994343
0.216	0	0.675676	-0.0669264	-0.0031312	0.35364	0.999833	0.0141492	-0.0115632	-0.014312	0.999798	-0.0141146	0.0113611	0.0142778	0.999834	-0.0882028	-0.00065075	0.335646	0.999884	0.0151362	-0.00137253	-0.0151961	0.994125	-0.107166	-0.000257611	0.107174	0.99424
0.218	0	0.657895	-0.0675609	-0.00320482	0.353501	0.999829	0.0141247	-0.0119391	-0.0142978	0.999792	-0.0145427	0.0117312	0.014711	0.999823	-0.0884571	-0.00065075	0.335287	0.999885	0.0151351	-0.0013798	-0.0151956	0.994021	-0.108125	-0.000264939	0.108134	0.994136
0.22	0	0.641026	-0.0682401	-0.0032834	0.353348	0.999824	0.014098	-0.0123401	-0.0142827	0.999785	-0.01501	0.0121259	0.0151836	0.999811	-0.0887082	-0.00065075	0.334926	0.999885	0.015134	-0.00138706	-0.015195	0.993916	-0.109084	-0.000272261	0.109093	0.994032
0.222	0	0.625	-0.0682401	-0.0032834	0.353348	0.999824	0.014098	-0.0123401	-0.0142827	0.999785	-0.01501	0.0121259	0.0151836	0.999811	-0.0889561	-0.00065075	0.334562	0.999885	0.015133	-0.00139432	-0.0151945	0.993811	-0.110042	-0.000279577	0.110051	0.993926
0.224	0	0.595238	-0.0689292	-0.00336292	0.353191	0.99982	0.0140707	-0.0127451	-0.0142675	0.999778	-0.0154853	0.0125244	0.0156644	0.999799	-0.0892008	-0.00065075	0.334197	0.999885	0.0151319	-0.00140157	-0.015194	0.993704	-0.110999	-0.000286887	0.111008	0.993819
0.226	0	0.568182	-0.0696284	-0.00344343	0.353028	0.999815	0.0140429	-0.0131544	-0.0142523	0.999771	-0.0159654	0.0129272	0.0161499	0.999786	-0.0894422	-0.00065075	0.333829	0.999885	0.0151308	-0.00140881	-0.0151934	0.993597	-0.111956	-0.00029419	0.111964	0.993712
0.228	0	0.543478	-0.0696284	-0.00344343	0.353028	0.999815	0.0140429	-0.0131544	-0.0142523	0.999771	-0.0159654	0.0129272	0.0161499	0.999786	-0.0896805	-0.00065075	0.33346	0.999885	0.0151297	-0.00141605	-0.0151928	0.993489	-0.112911	-0.000301487	0.11292	0.993604
0.23	0	0.520833	-0.0703379	-0.00352496	0.352861	0.99981	0.0140146	-0.0135686	-0.0142372	0.999763	-0.0164491	0.0133349	0.0166392	0.999773	-0.0899154	-0.00065075	0.333088	0.999885	0.0151286	-0.00142328	-0.0151923	0.99338	-0.113866	-0.000308778	0.113874	0.993495
0.232	0	0.5	-0.0710197	-0.00360317	0.352698	0.999805	0.0139874	-0.0139661	-0.0142229	0.999756	-0.0169103	0.0137262	0.0171057	0.999759	-0.0901471	-0.00065075	0.332714	0.999885	0.0151275	-0.0014305	-0.0151917	0.99327	-0.11482	-0.000316063	0.114828	0.993385
0.234	0	0.480769	-0.0710197	-0.00360317	0.352698	0.999805	0.0139874	-0.0139661	-0.0142229	0.999756	-0.0169103	0.0137262	0.0171057	0.999759	-0.0903755	-0.00065075	0.332338	0.999885	0.0151264	-0.00143772	-0.0151911	0.99316	-0.115773	-0.000323341	0.115781	0.993275
0.236	0	0.462963	-0.0717498	-0.00368678	0.352522	0.999799	0.0139583	-0.0143916	-0.014208	0.999748	-0.0174002	0.0141451	0.0176011	0.999745	-0.0906006	-0.00065075	0.33196	0.999885	0.0151253	-0.00144493	-0.0151906	0.993048	-0.116725	-0.000330612	0.116733	0.993163
0.238	0	0.446429	-0.0724905	-0.00377142	0.35234	0.999793	0.0139285	-0.0148238	-0.0141931	0.999739	-0.0178954	0.0145707	0.0181021	0.99973	-0.0908223	-0.00065075	0.33158	0.999885	0.0151242	-0.00145213	-0.01519	0.992936	-0.117676	-0.000337877	0.117684	0.993051
0.24	0	0.431035	-0.0724905	-0.00377142	0.35234	0.999793	0.0139285	-0.0148238	-0.0141931	0.999739	-0.0178954	0.0145707	0.0181021	0.99973	-0.0910407	-0.00065075	0.331199	0.999885	0.0151231	-0.00145932	-0.0151894	0.992823	-0.118626	-0.000345136	0.118634	0.992938
0.242	0	0.416667	-0.0732792	-0.00386125	0.352144	0.999787	0.0138952	-0.0152882	-0.0141765	0.999729	-0.0184447	0.0150277	0.0186574	0.999713	-0.0912557	-0.00065075	0.330815	0.999885	0.0151219	-0.00146651	-0.0151888	0.992709	-0.119575	-0.000352387	0.119584	0.992824
0.244	0	0.403226	-0.0740365	-0.00394731	0.351951	0.99978	0.0138622	-0.0157344	-0.0141601	0.99972	-0.0189832	0.0154668	0.0192018	0.999696	-0.0914674	-0.00065075	0.330429	0.999885	0.0151208	-0.00147369	-0.0151882	0.992594	-0.120524	-0.000359632	0.120532	0.992709
0.246	0	0.390625	-0.0740365	-0.00394731	0.351951	0.99978	0.0138622	-0.0157344	-0.0141601	0.99972	-0.0189832	0.0154668	0.0192886	0.999693	-0.0916756	-0.00065075	0.330042	0.999885	0.0151196	-0.00148087	-0.0151876	0.992479	-0.121471	-0.000366871	0.12148	0.992594
0.248	0	0.378788	-0.0748021	-0.00403416	0.351753	0.999773	0.0138279	-0.0161837	-0.0141432	0.999709	-0.0195294	0.015909	0.0197539	0.999678	-0.0918805	-0.00065075	0.329653	0.999885	0.0151185	-0.00148803	-0.0151869	0.992362	-0.122418	-0.000374102	0.122426	0.992478
0.25	0	0.367647	-0.0755762	-0.00412183	0.35155	0.999766	0.0137926	-0.0166363	-0.0141258	0.999699	-0.0200802	0.0163544	0.0203106	0.99966	-0.0920819	-0.00065075	0.329262	0.999885	0.0151173	-0.00149519	-0.0151863	0.992245	-0.123363	-0.000381327	0.123372	0.99236
0.252	0	0.357143	-0.0763175	-0.00420569	0.351353	0.99976	0.0137583	-0.0170688	-0.0141091	0.999688	-0.0206052	0.01678	0.0208411	0.999642	-0.0922798	-0.00065075	0.328869	0.999885	0.0151162	-0.00150234	-0.0151857	0.992127	-0.124308	-0.000388544	0.124316	0.992243
0.254	0	0.347222	-0.0763175	-0.00420569	0.351353	0.99976	0.0137583	-0.0170688	-0.0141091	0.999688	-0.0206052	0.01678	0.0208411	0.999642	-0.0924743	-0.00065075	0.328474	0.999885	0.015115	-0.00150949	-0.015185	0.992009	-0.125252	-0.000395755	0.12526	0.992124
0.256	0	0.337838	-0.0771925	-0.00430455	0.351118	0.999751	0.0137171	-0.0175787	-0.0140891	0.999676	-0.0212212	0.0172819	0.0214636	0.99962	-0.0926653	-0.00065075	0.328078	0.999885	0.0151138	-0.00151662	-0.0151844	0.991889	-0.126194	-0.000402958	0.126203	0.992004
0.258	0	0.328947	-0.0779938	-0.00439498	0.3509	0.999744	0.0136787	-0.0180457	-0.0140708	0.999664	-0.0217816	0.0177416	0.02203	0.9996	-0.0928528	-0.00065075	0.32768	0.999885	0.0151127	-0.00152375	-0.0151837	0.991769	-0.127136	-0.000410155	0.127145	0.991884
0.26	0	0.320513	-0.0779938	-0.00439498	0.3509	0.999744	0.0136787	-0.0180457	-0.0140708	0.999664	-0.0217816	0.0177416	0.02203	0.9996	-0.0930368	-0.00065075	0.327281	0.999885	0.0151115	-0.00153088	-0.0151831	0.991648	-0.128077	-0.000417344	0.128086	0.991763
0.262	0	0.3125	-0.0788042	-0.00448633	0.350676	0.999735	0.0136392	-0.0185188	-0.014052	0.999652	-0.0223471	0.0182075	0.0226014	0.999579	-0.0932173	-0.00065075	0.32688	0.999885	0.0151103	-0.00153799	-0.0151824	0.991526	-0.129017	-0.000424527	0.129025	0.991641
0.264	0	0.304878	-0.0795773	-0.00457326	0.35046	0.999727	0.0135991	-0.0189757	-0.0140327	0.999639	-0.0229078	0.0186573	0.0231678	0.999557	-0.0933943	-0.00065075	0.326477	0.999885	0.0151091	-0.0015451	-0.0151818	0.991404	-0.129956	-0.000431702	0.129964	0.991519
0.266	0	0.297619	-0.0796204	-0.0045781	0.350447	0.999727	0.0135968	-0.0190013	-0.0140316	0.999638	-0.0229395	0.0186825	0.0231999	0.999556	-0.0935677	-0.00065075	0.326073	0.999885	0.0151079	-0.00155219	-0.0151811	0.99128	-0.130894	-0.000438869	0.130902	0.991395
0.268	0	0.290698	-0.080528	-0.0046799	0.350188	0.999717	0.0135465	-0.0195397	-0.0140068	0.999623	-0.0236138	0.0192125	0.0238808	0.99953	-0.0937375	-0.00065075	0.325667	0.999885	0.0151067	-0.00155929	-0.0151804	0.991156	-0.131831	-0.00044603	0.131839	0.991271
0.27	0	0.284091	-0.080528	-0.0046799	0.350188	0.999717	0.0135465	-0.0195397	-0.0140068	0.999623	-0.0236138	0.0192125	0.0238808	0.99953	-0.0939038	-0.00065075	0.32526	0.999885	0.0151055	-0.00156637	-0.0151797	0.991031	-0.132767	-0.000453183	0.132775	0.991146
0.272	0	0.277778	-0.0813109	-0.00476756	0.349959	0.999709	0.0135011	-0.020002	-0.013984	0.999609	-0.0241985	0.0196675	0.0244712	0.999507	-0.0940665	-0.00065075	0.324852	0.999885	0.0151043	-0.00157344	-0.015179	0.990905	-0.133702	-0.000460328	0.13371	0.99102
0.274	0	0.271739	-0.0821426	-0.00486054	0.349713	0.9997	0.0134511	-0.0204907	-0.0139584	0.999594	-0.0248194	0.0201486	0.0250979	0.999482	-0.0942255	-0.00065075	0.324441	0.999885	0.015103	-0.00158051	-0.0151783	0.990779	-0.134635	-0.000467466	0.134644	0.990894
0.276	0	0.265957	-0.0821426	-0.00486054	0.349713	0.9997	0.0134511	-0.0204907	-0.0139584	0.999594	-0.0248194	0.0201486	0.0250979	0.999482	-0.094381	-0.00065075	0.32403	0.999885	0.0151018	-0.00158757	-0.0151776	0.990652	-0.135568	-0.000474597	0.135577	0.990767
0.278	0	0.260417	-0.0829799	-0.00495403	0.349461	0.99969	0.0133988	-0.020981	-0.0139313	0.999579	-0.025443	0.0206313	0.0257274	0.999456	-0.0945329	-0.00065075	0.323617	0.999885	0.0151006	-0.00159462	-0.0151769	0.990524	-0.1365	-0.00048172	0.136509	0.990639
0.28	0	0.255102	-0.0838231	-0.00504808	0.349205	0.99968	0.0133445	-0.0214737	-0.0139029	0.999563	-0.026069	0.0211165	0.0263592	0.999429	-0.0946811	-0.00065075	0.323203	0.999885	0.0150993	-0.00160167	-0.0151762	0.990395	-0.137431	-0.000488835	0.137439	0.99051
0.282	0	0.25	-0.0838231	-0.00504808	0.349205	0.99968	0.0133445	-0.0214737	-0.0139029	0.999563	-0.026069	0.0211165	0.0263592	0.999429	-0.0948256	-0.00065075	0.322788	0.999885	0.0150981	-0.0016087	-0.0151754	0.990266	-0.138361	-0.000495942	0.138369	0.990381
0.284	0	0.245098	-0.0846726	-0.00514272	0.348943	0.99967	0.013288	-0.0219697	-0.013873	0.999547	-0.0266972	0.021605	0.0269932	0.999402	-0.0949665	-0.00065075	0.322371	0.999885	0.0150968	-0.00161573	-0.0151747	0.990135	-0.13929	-0.000503042	0.139298	0.99025
0.286	0	0.240385	-0.0855273	-0.00523781	0.348675	0.99966	0.0132288	-0.0224704	-0.0138417	0.99953	-0.0273388	0.0220982	0.0276406	0.999374	-0.0951037	-0.00065075	0.321953	0.999885	0.0150956	-0.00162275	-0.015174	0.990004	-0.140217	-0.000510134	0.140226	0.990119
0.288	0	0.233645	-0.0862938	-0.00532301	0.34843	0.99965	0.0131732	-0.0229235	-0.0138121	0.999514	-0.0279362	0.0225444	0.028243	0.999347	-0.0952373	-0.00065075	0.321534	0.999885	0.0150943	-0.00162976	-0.0151732	0.989873	-0.141144	-0.000517218	0.141152	0.989988
0.29	0	0.227273	-0.086339	-0.00532803	0.348416	0.99965	0.0131699	-0.0229502	-0.0138103	0.999513	-0.0279717	0.0225707	0.0282789	0.999345	-0.0953671	-0.00065075	0.321114	0.999885	0.0150931	-0.00163676	-0.0151725	0.98974	-0.142069	-0.000524294	0.142078	0.989855
0.292	0	0.221239	-0.0872434	-0.00542852	0.348121	0.999638	0.0131018	-0.0234837	-0.0137738	0.999494	-0.028688	0.023096	0.0290011	0.999313	-0.0954933	-0.00065075	0.320693	0.999885	0.0150918	-0.00164375	-0.0151717	0.989607	-0.142994	-0.000531363	0.143002	0.989722
0.294	0	0.215517	-0.0881054	-0.00552432	0.347836	0.999627	0.0130348	-0.0239896	-0.0137378	0.999474	-0.0293746	0.0235941	0.0296932	0.999281	-0.0956157	-0.00065075	0.32027	0.999885	0.0150905	-0.00165074	-0.015171	0.989473	-0.143917	-0.000538423	0.143926	0.989588
0.296	0	0.210084	-0.0881054	-0.00552432	0.347836	0.999627	0.0130348	-0.0239896	-0.0137378	0.999474	-0.0293746	0.0235941	0.0296932	0.999281	-0.0957344	-0.00065075	0.319847	0.999885	0.0150892	-0.00165772	-0.0151702	0.989339	-0.14484	-0.000545475	0.144848	0.989454
0.298	0	0.204918	-0.0889248	-0.00561543	0.34756	0.999616	0.0129695	-0.0244685	-0.0137024	0.999455	-0.0300282	0.0240657	0.030352	0.99925	-0.0958494	-0.00065075	0.319422	0.999885	0.0150879	-0.00166468	-0.0151694	0.989204	-0.145761	-0.000552519	0.145769	0.989318
0.3	0	0.2	-0.0897931	-0.00571204	0.347264	0.999605	0.0128986	-0.0249745	-0.0136639	0.999435	-0.0307208	0.0245641	0.03105	0.999216	-0.0959607	-0.00065075	0.318997	0.999885	0.0150867	-0.00167164	-0.0151687	0.989068	-0.146681	-0.000559555	0.146689	0.989182
0.302	0	0.195312	-0.0906191	-0.005804	0.346978	0.999594	0.0128295	-0.0254551	-0.0136262	0.999415	-0.0313792	0.0250376	0.0317133	0.999183	-0.0960682	-0.00065075	0.31857	0.999885	0.0150854	-0.0016786	-0.0151679	0.988931	-0.1476	-0.000566583	0.147608	0.989046
0.304	0	0.19084	-0.0906191	-0.005804	0.346978	0.999594	0.0128295	-0.0254551	-0.0136262	0.999415	-0.0313792	0.0250376	0.0317133	0.999183	-0.0961719	-0.00065075	0.318143	0.999885	0.0150841	-0.00168554	-0.0151671	0.988793	-0.148518	-0.000573602	0.148526	0.988908
0.306	0	0.186567	-0.091495	-0.0059016	0.346672	0.999581	0.0127545	-0.0259644	-0.0135853	0.999393	-0.0320765	0.0255396	0.0324158	0.999148	-0.0962719	-0.00065075	0.317714	0.999885	0.0150827	-0.00169247	-0.0151663	0.988655	-0.149435	-0.000580614	0.149443	0.98877
