t_real	tv	d_tv	p_c_x	p_c_y	p_c_z	Rc_00	Rc_01	Rc_02	Rc_10	Rc_11	Rc_12	Rc_20	Rc_21	Rc_22	p_d_x	p_d_y	p_d_z	Rd_00	Rd_01	Rd_02	Rd_10	Rd_11	Rd_12	Rd_20	Rd_21	Rd_22
0.002	0.002	1	0.0275586	-0.00397939	0.356484	0.999926	0.012123	0.000900863	-0.0121231	0.999927	8.13024e-05	-0.000899811	-9.22176e-05	1	0.0271188	-0.00397939	0.356482	0.999926	0.0121234	0.000894769	-0.0121226	0.999926	-0.000923987	-0.000905904	0.000913072	0.999999
0.004	0.004	1	0.0275591	-0.00397954	0.356484	0.999926	0.0121244	0.000902441	-0.0121245	0.999926	9.62412e-05	-0.000901208	-0.000107176	1	0.026679	-0.00397939	0.356476	0.999926	0.0121239	0.000888674	-0.0121221	0.999925	-0.00192927	-0.000911998	0.00191835	0.999998
0.006	0.006	1	0.0275591	-0.00397955	0.356484	0.999926	0.0121246	0.000902651	-0.0121247	0.999926	9.70896e-05	-0.000901408	-0.000108027	1	0.0262393	-0.00397939	0.356467	0.999926	0.0121243	0.00088258	-0.0121217	0.999922	-0.00293454	-0.00091809	0.00292362	0.999995
0.008	0.008	1	0.0275581	-0.00397967	0.356485	0.999926	0.0121257	0.00090344	-0.0121253	0.999926	-0.000431133	-0.000908602	0.000420147	0.999999	0.0257997	-0.00397939	0.356453	0.999926	0.0121247	0.000876484	-0.0121212	0.999919	-0.00393978	-0.000924182	0.00392886	0.999992
0.01	0.01	1	0.0275581	-0.00397967	0.356485	0.999926	0.0121257	0.00090344	-0.0121253	0.999926	-0.000431133	-0.000908602	0.000420147	0.999999	0.0253602	-0.00397939	0.356436	0.999926	0.0121252	0.000870389	-0.0121207	0.999914	-0.00494499	-0.000930273	0.00493408	0.999987
0.012	0.012	1	0.0275553	-0.0039849	0.356485	0.999926	0.0121311	0.000906159	-0.0121305	0.999926	-0.000706338	-0.000914661	0.000695294	0.999999	0.0249209	-0.00397939	0.356414	0.999926	0.0121256	0.000864294	-0.0121202	0.999909	-0.00595016	-0.000936364	0.00593925	0.999982
0.014	0.014	1	0.0275503	-0.00399241	0.356487	0.999926	0.0121357	0.000909618	-0.012135	0.999926	-0.000766937	-0.000918858	0.000755842	0.999999	0.0244818	-0.00397939	0.356389	0.999926	0.012126	0.000858198	-0.0121197	0.999902	-0.00695529	-0.000942454	0.00694437	0.999975
0.016	0.016	1	0.0275503	-0.00399241	0.356487	0.999926	0.0121357	0.000909618	-0.012135	0.999926	-0.000766937	-0.000918858	0.000755842	0.999999	0.0240429	-0.00397939	0.35636	0.999926	0.0121264	0.000852102	-0.0121192	0.999895	-0.00796036	-0.000948543	0.00794944	0.999968
0.018	0.018	1	0.0275432	-0.00399994	0.356488	0.999926	0.0121401	0.000910808	-0.0121394	0.999926	-0.000821806	-0.000920717	0.000810689	0.999999	0.0236043	-0.00397939	0.356327	0.999926	0.0121268	0.000846006	-0.0121187	0.999886	-0.00896537	-0.000954631	0.00895445	0.999959
0.02	0.02	1	0.0275341	-0.0040074	0.35649	0.999926	0.0121446	0.000910052	-0.0121438	0.999926	-0.000876587	-0.00092063	0.00086547	0.999999	0.023166	-0.00397939	0.356291	0.999926	0.0121272	0.00083991	-0.0121182	0.999877	-0.0099703	-0.000960719	0.00995939	0.99995
0.022	0.022	1	0.0275341	-0.0040074	0.35649	0.999926	0.0121446	0.000910052	-0.0121438	0.999926	-0.000876587	-0.00092063	0.00086547	0.999999	0.0227281	-0.00397939	0.35625	0.999926	0.0121276	0.000833814	-0.0121177	0.999866	-0.0109752	-0.000966805	0.0109642	0.999939
0.024	0.024	1	0.0275228	-0.00401481	0.356492	0.999926	0.0121493	0.000906686	-0.0121484	0.999926	-0.000932512	-0.000917948	0.000921428	0.999999	0.0222905	-0.00397939	0.356206	0.999926	0.012128	0.000827718	-0.0121172	0.999855	-0.0119799	-0.000972891	0.011969	0.999928
0.026	0.026	1	0.0275095	-0.00402216	0.356494	0.999926	0.0121542	0.000900884	-0.0121533	0.999926	-0.000988591	-0.000912833	0.000977569	0.999999	0.0218533	-0.00397939	0.356157	0.999926	0.0121284	0.000821623	-0.0121167	0.999842	-0.0129846	-0.000978975	0.0129737	0.999915
0.028	0.028	1	0.0274951	-0.00402907	0.356495	0.999926	0.0121592	0.000893359	-0.0121583	0.999926	-0.00104154	-0.000905957	0.0010306	0.999999	0.0214166	-0.00397939	0.356105	0.999926	0.0121287	0.000815527	-0.0121161	0.999829	-0.0139892	-0.000985058	0.0139783	0.999902
0.03	0.03	1	0.0274951	-0.00402907	0.356495	0.999926	0.0121592	0.000893359	-0.0121583	0.999926	-0.00104154	-0.000905957	0.0010306	0.999999	0.0209804	-0.00397939	0.356049	0.999926	0.0121291	0.000809432	-0.0121156	0.999814	-0.0149936	-0.000991141	0.0149827	0.999887
0.032	0.032	1	0.0274768	-0.00403635	0.356497	0.999926	0.0121644	0.000885529	-0.0121634	0.999925	-0.00111017	-0.000898967	0.00109931	0.999999	0.0205446	-0.00397939	0.35599	0.999926	0.0121294	0.000803337	-0.012115	0.999799	-0.015998	-0.000997222	0.0159871	0.999872
0.034	0.034	1	0.0274542	-0.00404385	0.356499	0.999926	0.0121685	0.00087807	-0.0121675	0.999925	-0.00118442	-0.000892417	0.00117364	0.999999	0.0201094	-0.00397939	0.355926	0.999926	0.0121298	0.000797242	-0.0121145	0.999782	-0.0170022	-0.0010033	0.0169913	0.999855
0.036	0.036	1	0.0274542	-0.00404385	0.356499	0.999926	0.0121685	0.00087807	-0.0121675	0.999925	-0.00118442	-0.000892417	0.00117364	0.999999	0.0196748	-0.00397939	0.355859	0.999926	0.0121301	0.000791147	-0.0121139	0.999764	-0.0180063	-0.00100938	0.0179954	0.999838
0.038	0.038	1	0.0274272	-0.00405165	0.356501	0.999926	0.0121714	0.000868146	-0.0121703	0.999925	-0.00125997	-0.000883417	0.00124931	0.999999	0.0192408	-0.00397939	0.355787	0.999926	0.0121305	0.000785053	-0.0121134	0.999746	-0.0190103	-0.00101546	0.0189993	0.999819
0.04	0.04	1	0.027396	-0.00405976	0.356503	0.999926	0.0121729	0.000854773	-0.0121718	0.999925	-0.00133691	-0.000870983	0.0013264	0.999999	0.0188074	-0.00397939	0.355712	0.999926	0.0121308	0.00077896	-0.0121128	0.999726	-0.0200141	-0.00102153	0.0200031	0.999799
0.042	0.042	1	0.027396	-0.00405976	0.356503	0.999926	0.0121729	0.000854773	-0.0121718	0.999925	-0.00133691	-0.000870983	0.0013264	0.999999	0.0183748	-0.00397939	0.355633	0.999926	0.0121311	0.000772867	-0.0121122	0.999706	-0.0210177	-0.00102761	0.0210068	0.999779
0.044	0.044	1	0.0273625	-0.00406772	0.356504	0.999926	0.0121733	0.000838752	-0.0121721	0.999925	-0.00141105	-0.000855866	0.00140073	0.999999	0.0179428	-0.00397939	0.355551	0.999926	0.0121315	0.000766774	-0.0121116	0.999684	-0.0220212	-0.00103368	0.0220103	0.999757
0.046	0.046	1	0.027323	-0.00407642	0.356506	0.999926	0.0121725	0.000818348	-0.0121713	0.999925	-0.0014906	-0.000836431	0.00148053	0.999999	0.0175115	-0.00397939	0.355464	0.999926	0.0121318	0.000760682	-0.0121111	0.999662	-0.0230245	-0.00103975	0.0230136	0.999735
0.048	0.048	1	0.027323	-0.00407642	0.356506	0.999926	0.0121725	0.000818348	-0.0121713	0.999925	-0.0014906	-0.000836431	0.00148053	0.999999	0.0170811	-0.00397939	0.355374	0.999926	0.0121321	0.000754591	-0.0121105	0.999638	-0.0240276	-0.00104582	0.0240167	0.999711
0.05	0.05	1	0.0272793	-0.00408541	0.356507	0.999926	0.0121707	0.00079446	-0.0121694	0.999925	-0.00157142	-0.000813526	0.00156163	0.999998	0.0166514	-0.00397939	0.35528	0.999926	0.0121324	0.0007485	-0.0121099	0.999613	-0.0250305	-0.00105189	0.0250196	0.999686
0.052	0.052	1	0.0272314	-0.0040947	0.356508	0.999926	0.0121679	0.000767221	-0.0121666	0.999925	-0.00165352	-0.000787283	0.00164407	0.999998	0.0162226	-0.00397939	0.355182	0.999926	0.0121327	0.000742411	-0.0121092	0.999588	-0.0260333	-0.00105796	0.0260223	0.999661
0.054	0.054	1	0.0272314	-0.0040947	0.356508	0.999926	0.0121679	0.000767221	-0.0121666	0.999925	-0.00165352	-0.000787283	0.00164407	0.999998	0.0157947	-0.00397939	0.35508	0.999926	0.012133	0.000736322	-0.0121086	0.999561	-0.0270358	-0.00106402	0.0270249	0.999634
0.056	0.056	1	0.0271794	-0.00410429	0.356508	0.999926	0.0121641	0.00073683	-0.0121628	0.999925	-0.00173769	-0.000757911	0.00172859	0.999998	0.0153677	-0.00397939	0.354975	0.999926	0.0121333	0.000730233	-0.012108	0.999534	-0.0280381	-0.00107009	0.0280272	0.999607
0.058	0.058	1	0.0271212	-0.00411436	0.356509	0.999926	0.0121579	0.000707228	-0.0121566	0.999924	-0.00183303	-0.00072946	0.0018243	0.999998	0.0149416	-0.00397939	0.354866	0.999926	0.0121335	0.000724146	-0.0121074	0.999505	-0.0290402	-0.00107615	0.0290293	0.999578
0.06	0.06	1	0.0270593	-0.00412455	0.356508	0.999926	0.012149	0.000678616	-0.0121476	0.999924	-0.00192605	-0.000701964	0.00191766	0.999998	0.0145165	-0.00397939	0.354753	0.999926	0.0121338	0.00071806	-0.0121068	0.999475	-0.0300421	-0.00108221	0.0300312	0.999548
0.062	0.062	1	0.0270593	-0.00412455	0.356508	0.999926	0.012149	0.000678616	-0.0121476	0.999924	-0.00192605	-0.000701964	0.00191766	0.999998	0.0140924	-0.00397939	0.354636	0.999926	0.0121341	0.000711974	-0.0121061	0.999445	-0.0310437	-0.00108827	0.0310328	0.999518
0.064	0.064	1	0.026987	-0.00413602	0.356507	0.999926	0.0121366	0.000644306	-0.0121352	0.999924	-0.00202665	-0.000668854	0.00201868	0.999998	0.0136694	-0.00397939	0.354516	0.999926	0.0121343	0.00070589	-0.0121055	0.999413	-0.0320451	-0.00109432	0.0320342	0.999486
0.066	0.066	1	0.0269119	-0.00414755	0.356506	0.999926	0.0121228	0.000606949	-0.0121215	0.999924	-0.00212398	-0.000632651	0.00211647	0.999998	0.0132474	-0.00397939	0.354392	0.999926	0.0121346	0.000699806	-0.0121048	0.999381	-0.0330463	-0.00110038	0.0330353	0.999454
0.068	0.068	1	0.0269119	-0.00414755	0.356506	0.999926	0.0121228	0.000606949	-0.0121215	0.999924	-0.00212398	-0.000632651	0.00211647	0.999998	0.0128266	-0.00397939	0.354264	0.999926	0.0121348	0.000693724	-0.0121042	0.999347	-0.0340471	-0.00110643	0.0340362	0.99942
0.07	0.07	1	0.0268256	-0.00416042	0.356503	0.999927	0.0121068	0.000562205	-0.0121056	0.999924	-0.00222864	-0.000589144	0.00222167	0.999997	0.0124068	-0.00397939	0.354133	0.999926	0.0121351	0.000687643	-0.0121035	0.999312	-0.0350478	-0.00111248	0.0350368	0.999385
0.072	0.072	1	0.0267322	-0.004174	0.3565	0.999927	0.0120899	0.00051208	-0.0120886	0.999924	-0.00233523	-0.000540274	0.00232887	0.999997	0.0119883	-0.00397939	0.353998	0.999926	0.0121353	0.000681563	-0.0121029	0.999277	-0.0360481	-0.00111853	0.0360372	0.99935
0.074	0.074	1	0.0267322	-0.004174	0.3565	0.999927	0.0120899	0.00051208	-0.0120886	0.999924	-0.00233523	-0.000540274	0.00232887	0.999997	0.0115709	-0.00397939	0.353859	0.999926	0.0121355	0.000675485	-0.0121022	0.99924	-0.0370482	-0.00112457	0.0370373	0.999313
0.076	0.076	1	0.0266372	-0.00418752	0.356496	0.999927	0.0120731	0.000459744	-0.012072	0.999924	-0.00243796	-0.000489143	0.00243223	0.999997	0.0111548	-0.00397939	0.353717	0.999926	0.0121358	0.000669407	-0.0121015	0.999203	-0.0380479	-0.00113061	0.038037	0.999276
0.078	0.078	1	0.0265358	-0.00420164	0.356492	0.999927	0.012056	0.000402775	-0.0120549	0.999924	-0.00254237	-0.000433395	0.00253733	0.999997	0.01074	-0.00397939	0.35357	0.999926	0.012136	0.000663332	-0.0121008	0.999164	-0.0390474	-0.00113666	0.0390365	0.999237
0.08	0.08	1	0.0264209	-0.00421733	0.356486	0.999927	0.012037	0.000340157	-0.0120361	0.999924	-0.00266007	-0.000372151	0.00265578	0.999996	0.0103264	-0.00397939	0.353421	0.999926	0.0121362	0.000657257	-0.0121001	0.999125	-0.0400466	-0.00114269	0.0400357	0.999198
0.082	0.082	1	0.0264209	-0.00421733	0.356486	0.999927	0.012037	0.000340157	-0.0120361	0.999924	-0.00266007	-0.000372151	0.00265578	0.999996	0.00991424	-0.00397939	0.353267	0.999926	0.0121364	0.000651184	-0.0120994	0.999084	-0.0410454	-0.00114873	0.0410345	0.999157
0.084	0.084	1	0.0262962	-0.00423407	0.356479	0.999928	0.0120166	0.000276546	-0.0120158	0.999924	-0.00278239	-0.00030996	0.00277886	0.999996	0.0095034	-0.00397939	0.35311	0.999926	0.0121366	0.000645113	-0.0120987	0.999043	-0.042044	-0.00115477	0.0420331	0.999116
0.086	0.086	1	0.026169	-0.00425092	0.356471	0.999928	0.0119958	0.000211899	-0.0119951	0.999924	-0.00290122	-0.000246685	0.00289847	0.999996	0.00909396	-0.00397939	0.35295	0.999926	0.0121368	0.000639043	-0.012098	0.999	-0.0430422	-0.0011608	0.0430313	0.999073
0.088	0.088	1	0.0260329	-0.00426874	0.356462	0.999928	0.0119738	0.000141517	-0.0119733	0.999924	-0.00302281	-0.0001777	0.0030209	0.999995	0.00868595	-0.00397939	0.352785	0.999926	0.012137	0.000632974	-0.0120973	0.998957	-0.04404	-0.00116683	0.0440291	0.99903
0.09	0.09	1	0.0260329	-0.00426874	0.356462	0.999928	0.0119738	0.000141517	-0.0119733	0.999924	-0.00302281	-0.0001777	0.0030209	0.999995	0.0082794	-0.00397939	0.352618	0.999926	0.0121371	0.000626907	-0.0120966	0.998912	-0.0450376	-0.00117285	0.0450267	0.998985
0.092	0.092	1	0.0258797	-0.00428859	0.356451	0.999929	0.0119498	6.06198e-05	-0.0119495	0.999924	-0.00315408	-9.83057e-05	0.00315313	0.999995	0.00787433	-0.00397939	0.352446	0.999926	0.0121373	0.000620842	-0.0120959	0.998867	-0.0460347	-0.00117888	0.0460238	0.99894
0.094	0.094	1	0.025699	-0.00431177	0.356437	0.999929	0.0119226	-3.66619e-05	-0.0119226	0.999923	-0.00330257	-2.71596e-06	0.00330277	0.999995	0.0074708	-0.00397939	0.352271	0.999926	0.0121375	0.000614779	-0.0120951	0.99882	-0.0470315	-0.0011849	0.0470206	0.998893
0.096	0.096	1	0.025699	-0.00431177	0.356437	0.999929	0.0119226	-3.66619e-05	-0.0119226	0.999923	-0.00330257	-2.71596e-06	0.00330277	0.999995	0.00706881	-0.00397939	0.352093	0.999926	0.0121376	0.000608718	-0.0120944	0.998773	-0.048028	-0.00119092	0.0480171	0.998846
0.098	0.098	1	0.0255346	-0.00433265	0.356423	0.999929	0.0118989	-0.000126528	-0.0118993	0.999923	-0.00343266	8.56734e-05	0.00343392	0.999994	0.00666841	-0.00397939	0.351911	0.999926	0.0121378	0.000602658	-0.0120937	0.998724	-0.0490241	-0.00119693	0.0490131	0.998797
0.1	0.1	1	0.0255346	-0.00433265	0.356423	0.999929	0.0118989	-0.000126528	-0.0118993	0.999923	-0.00343266	8.56734e-05	0.00343392	0.999994	0.00626963	-0.00397939	0.351725	0.999926	0.012138	0.0005966	-0.0120929	0.998675	-0.0500197	-0.00120295	0.0500088	0.998748
0.102	0.102	1	0.0253515	-0.00435569	0.356408	0.999929	0.0118737	-0.000227798	-0.0118744	0.999923	-0.00357272	0.000185359	0.00357517	0.999994	0.0058725	-0.00397939	0.351536	0.999926	0.0121381	0.000590544	-0.0120922	0.998625	-0.051015	-0.00120896	0.0510041	0.998698
0.104	0.104	1	0.0251586	-0.00437976	0.356391	0.99993	0.0118483	-0.000335576	-0.0118495	0.999923	-0.00371555	0.000291527	0.00371926	0.999993	0.00547704	-0.00397939	0.351344	0.999926	0.0121382	0.00058449	-0.0120914	0.998573	-0.0520099	-0.00121496	0.051999	0.998646
0.106	0.106	1	0.0251586	-0.00437976	0.356391	0.99993	0.0118483	-0.000335576	-0.0118495	0.999923	-0.00371555	0.000291527	0.00371926	0.999993	0.00508329	-0.00397939	0.351148	0.999926	0.0121384	0.000578438	-0.0120906	0.998521	-0.0530044	-0.00122097	0.0529935	0.998594
0.108	0.108	1	0.0249669	-0.00440349	0.356373	0.99993	0.0118241	-0.000443621	-0.0118257	0.999923	-0.00385407	0.000398016	0.00385905	0.999992	0.00469128	-0.00397939	0.350948	0.999926	0.0121385	0.000572389	-0.0120899	0.998468	-0.0539985	-0.00122697	0.0539876	0.998541
0.11	0.11	1	0.0247539	-0.00442967	0.356353	0.99993	0.0117978	-0.000561212	-0.0118	0.999922	-0.00400828	0.000513879	0.00401462	0.999992	0.00430104	-0.00397939	0.350746	0.999926	0.0121386	0.000566341	-0.0120891	0.998414	-0.0549922	-0.00123297	0.0549813	0.998487
0.112	0.112	1	0.0245294	-0.00445715	0.356331	0.99993	0.0117705	-0.000683025	-0.0117732	0.999922	-0.00416598	0.000633936	0.00417373	0.999991	0.0039126	-0.00397939	0.350539	0.999926	0.0121387	0.000560295	-0.0120883	0.998358	-0.0559854	-0.00123897	0.0559745	0.998431
0.114	0.114	1	0.0245294	-0.00445715	0.356331	0.99993	0.0117705	-0.000683025	-0.0117732	0.999922	-0.00416598	0.000633936	0.00417373	0.999991	0.00352599	-0.00397939	0.35033	0.999926	0.0121388	0.000554252	-0.0120875	0.998302	-0.0569782	-0.00124496	0.0569673	0.998375
0.116	0.116	1	0.0243061	-0.00448439	0.356308	0.999931	0.0117436	-0.000804346	-0.011747	0.999922	-0.0043187	0.000753566	0.00432785	0.99999	0.00314124	-0.00397939	0.350116	0.999926	0.0121389	0.000548211	-0.0120867	0.998245	-0.0579705	-0.00125095	0.0579596	0.998318
0.118	0.118	1	0.0243061	-0.00448439	0.356308	0.999931	0.0117436	-0.000804346	-0.011747	0.999922	-0.0043187	0.000753566	0.00432785	0.99999	0.00275838	-0.00397939	0.3499	0.999926	0.012139	0.000542172	-0.0120859	0.998187	-0.0589624	-0.00125694	0.0589515	0.99826
0.12	0.12	1	0.0240326	-0.00451764	0.356278	0.999931	0.0117114	-0.000953929	-0.0117156	0.999921	-0.00450093	0.000901142	0.0045118	0.999989	0.00237743	-0.00397939	0.34968	0.999926	0.0121391	0.000536136	-0.0120851	0.998128	-0.0599539	-0.00126292	0.059943	0.998201
0.122	0.122	1	0.0240326	-0.00451764	0.356278	0.999931	0.0117114	-0.000953929	-0.0117156	0.999921	-0.00450093	0.000901142	0.0045118	0.999989	0.00199844	-0.00397939	0.349457	0.999926	0.0121392	0.000530102	-0.0120843	0.998068	-0.0609448	-0.0012689	0.0609339	0.998141
0.124	0.124	1	0.023773	-0.00454907	0.356249	0.999931	0.0116818	-0.00109688	-0.0116868	0.999921	-0.00466945	0.00104224	0.00468194	0.999988	0.00162142	-0.00397939	0.34923	0.999926	0.0121393	0.00052407	-0.0120835	0.998007	-0.0619353	-0.00127488	0.0619244	0.99808
0.126	0.126	1	0.0235019	-0.00458177	0.356218	0.999931	0.0116519	-0.0012471	-0.0116578	0.99992	-0.00484144	0.00119059	0.00485564	0.999988	0.00124641	-0.00397939	0.349001	0.999926	0.0121393	0.000518041	-0.0120827	0.997945	-0.0629253	-0.00128085	0.0629144	0.998018
0.128	0.128	1	0.0232345	-0.00461392	0.356187	0.999931	0.0116233	-0.00139614	-0.0116301	0.99992	-0.00500751	0.00133783	0.00502341	0.999986	0.000873441	-0.00397939	0.348768	0.999926	0.0121394	0.000512015	-0.0120819	0.997882	-0.0639149	-0.00128682	0.0639039	0.997955
0.13	0.13	1	0.0232193	-0.00461574	0.356185	0.999931	0.0116217	-0.00140461	-0.0116286	0.99992	-0.0050168	0.0013462	0.00503279	0.999986	0.000502532	-0.00397939	0.348531	0.999926	0.0121395	0.000505991	-0.012081	0.997818	-0.0649039	-0.00129278	0.064893	0.997891
0.132	0.132	1	0.0229408	-0.00464908	0.356152	0.999932	0.0115929	-0.00156027	-0.0116008	0.999919	-0.00518848	0.0015	0.00520622	0.999985	0.000133717	-0.00397939	0.348292	0.999926	0.0121395	0.000499969	-0.0120802	0.997754	-0.0658924	-0.00129875	0.0658815	0.997827
0.134	0.134	1	0.0229408	-0.00464908	0.356152	0.999932	0.0115929	-0.00156027	-0.0116008	0.999919	-0.00518848	0.0015	0.00520622	0.999985	-0.000232976	-0.00397939	0.348049	0.999926	0.0121396	0.000493951	-0.0120793	0.997688	-0.0668804	-0.00130471	0.0668695	0.997761
0.136	0.136	1	0.0226348	-0.00468562	0.356114	0.999932	0.0115622	-0.00172918	-0.0115714	0.999919	-0.00537753	0.00166687	0.00539717	0.999984	-0.000597519	-0.00397939	0.347803	0.999926	0.0121396	0.000487935	-0.0120785	0.997621	-0.0678679	-0.00131066	0.067857	0.997694
0.138	0.138	1	0.0223163	-0.00472362	0.356074	0.999932	0.0115315	-0.00190405	-0.0115419	0.999918	-0.0055707	0.00183966	0.0055923	0.999983	-0.000959883	-0.00397939	0.347553	0.999926	0.0121396	0.000481922	-0.0120776	0.997554	-0.0688548	-0.00131662	0.0688439	0.997627
0.14	0.14	1	0.0219853	-0.00476308	0.35603	0.999932	0.0115006	-0.00208585	-0.0115125	0.999917	-0.00576779	0.00201935	0.00579141	0.999981	-0.00132004	-0.00397939	0.347301	0.999926	0.0121397	0.000475911	-0.0120768	0.997485	-0.0698413	-0.00132256	0.0698304	0.997558
0.142	0.142	1	0.0219853	-0.00476308	0.35603	0.999932	0.0115006	-0.00208585	-0.0115125	0.999917	-0.00576779	0.00201935	0.00579141	0.999981	-0.00167796	-0.00397939	0.347045	0.999926	0.0121397	0.000469904	-0.0120759	0.997416	-0.0708271	-0.00132851	0.0708162	0.997488
0.144	0.144	1	0.02166	-0.00480181	0.355986	0.999932	0.0114712	-0.00226477	-0.0114845	0.999916	-0.00595804	0.00219623	0.00598364	0.99998	-0.00203362	-0.00397939	0.346787	0.999926	0.0121397	0.0004639	-0.012075	0.997345	-0.0718125	-0.00133445	0.0718016	0.997418
0.146	0.146	1	0.0213045	-0.00484409	0.355937	0.999932	0.01144	-0.00246084	-0.011455	0.999915	-0.00616256	0.00239014	0.00619032	0.999978	-0.00238699	-0.00397939	0.346525	0.999926	0.0121397	0.000457898	-0.0120742	0.997274	-0.0727972	-0.00134039	0.0727863	0.997347
0.148	0.148	1	0.0209363	-0.00488781	0.355885	0.999931	0.0114087	-0.00266446	-0.0114254	0.999914	-0.00637086	0.00259155	0.00640086	0.999976	-0.00273805	-0.00397939	0.34626	0.999926	0.0121397	0.000451899	-0.0120733	0.997201	-0.0737814	-0.00134632	0.0737705	0.997274
0.15	0.15	1	0.0209166	-0.00489015	0.355882	0.999931	0.011407	-0.00267539	-0.0114239	0.999914	-0.00638192	0.00260236	0.00641205	0.999976	-0.00308676	-0.00397939	0.345992	0.999926	0.0121397	0.000445904	-0.0120724	0.997128	-0.0747651	-0.00135225	0.0747542	0.997201
0.152	0.152	1	0.0205146	-0.00493779	0.355825	0.999931	0.0113738	-0.00289845	-0.0113927	0.999913	-0.00660544	0.00282307	0.00663801	0.999974	-0.0034331	-0.00397939	0.345721	0.999926	0.0121397	0.000439912	-0.0120715	0.997054	-0.0757481	-0.00135818	0.0757372	0.997127
0.154	0.154	1	0.0201408	-0.004982	0.355771	0.999931	0.0113439	-0.0031065	-0.0113649	0.999912	-0.0068136	0.00302893	0.00684844	0.999972	-0.00377704	-0.00397939	0.345446	0.999926	0.0121397	0.000433922	-0.0120706	0.996979	-0.0767306	-0.0013641	0.0767197	0.997052
0.156	0.156	1	0.0201197	-0.00498449	0.355768	0.999931	0.0113423	-0.00311823	-0.0113634	0.999912	-0.00682561	0.00304054	0.00686057	0.999972	-0.00411855	-0.00397939	0.345169	0.999926	0.0121397	0.000427936	-0.0120697	0.996903	-0.0777125	-0.00137001	0.0777016	0.996976
0.158	0.158	1	0.019712	-0.00503263	0.355707	0.99993	0.0113129	-0.00334443	-0.0113363	0.999911	-0.00705647	0.0032643	0.00709389	0.99997	-0.00445762	-0.00397939	0.344889	0.999926	0.0121396	0.000421953	-0.0120688	0.996826	-0.0786937	-0.00137593	0.0786828	0.996899
0.16	0.16	1	0.0192915	-0.00508226	0.355642	0.99993	0.0112861	-0.00357716	-0.011312	0.999909	-0.00729239	0.00349453	0.00733234	0.999967	-0.0047942	-0.00397939	0.344606	0.999926	0.0121396	0.000415974	-0.0120679	0.996748	-0.0796744	-0.00138184	0.0796635	0.996821
0.162	0.162	1	0.0192915	-0.00508226	0.355642	0.99993	0.0112861	-0.00357716	-0.011312	0.999909	-0.00729239	0.00349453	0.00733234	0.999967	-0.00512829	-0.00397939	0.34432	0.999926	0.0121396	0.000409998	-0.012067	0.996669	-0.0806544	-0.00138774	0.0806435	0.996742
0.164	0.164	1	0.018742	-0.0051471	0.355555	0.999929	0.0112559	-0.00388091	-0.0112851	0.999907	-0.00759778	0.00379503	0.00764104	0.999964	-0.00545984	-0.00397939	0.344031	0.999926	0.0121395	0.000404025	-0.012066	0.996589	-0.0816338	-0.00139364	0.0816229	0.996662
0.166	0.166	1	0.0183163	-0.0051973	0.355486	0.999928	0.0112357	-0.00411616	-0.0112677	0.999906	-0.0078322	0.00402777	0.00787802	0.999961	-0.00578884	-0.00397939	0.343739	0.999926	0.0121395	0.000398055	-0.0120651	0.996509	-0.0826126	-0.00139954	0.0826017	0.996582
0.168	0.168	1	0.0183163	-0.0051973	0.355486	0.999928	0.0112357	-0.00411616	-0.0112677	0.999906	-0.0078322	0.00402777	0.00787802	0.999961	-0.00611526	-0.00397939	0.343444	0.999926	0.0121394	0.000392089	-0.0120642	0.996427	-0.0835907	-0.00140543	0.0835799	0.9965
0.17	0.17	0.999913	0.0178543	-0.00525174	0.355411	0.999928	0.0112165	-0.00437164	-0.0112516	0.999904	-0.00808459	0.00428054	0.00813319	0.999958	-0.00643905	-0.00397939	0.343147	0.999926	0.0121394	0.000386128	-0.0120632	0.996345	-0.0845682	-0.00141132	0.0845573	0.996418
0.172	0.171999	0.999827	0.0174045	-0.00530468	0.355336	0.999927	0.0112002	-0.00462068	-0.0112384	0.999902	-0.00832832	0.00452695	0.00837964	0.999955	-0.00676017	-0.00397939	0.342846	0.999926	0.0121393	0.00038017	-0.0120623	0.996261	-0.0855448	-0.0014172	0.0855339	0.996334
0.174	0.173999	0.99974	0.0174045	-0.00530468	0.355336	0.999927	0.0112002	-0.00462068	-0.0112384	0.999902	-0.00832832	0.00452695	0.00837964	0.999955	-0.00707862	-0.00397939	0.342543	0.999926	0.0121392	0.000374216	-0.0120613	0.996177	-0.0865207	-0.00142308	0.0865099	0.99625
0.176	0.175998	0.999654	0.0169169	-0.00536203	0.355254	0.999925	0.011185	-0.00489119	-0.0112268	0.9999	-0.00859042	0.00479462	0.00864469	0.999951	-0.00739436	-0.00397939	0.342237	0.999926	0.0121392	0.000368266	-0.0120604	0.996092	-0.0874959	-0.00142895	0.087485	0.996165
0.178	0.177997	0.999567	0.0164427	-0.00541772	0.355173	0.999924	0.0111724	-0.00515493	-0.0112177	0.999898	-0.00884326	0.00505561	0.00890041	0.999948	-0.00770737	-0.00397939	0.341928	0.999926	0.0121391	0.000362321	-0.0120594	0.996006	-0.0884703	-0.00143482	0.0884594	0.996079
0.18	0.179996	0.999481	0.0164427	-0.00541772	0.355173	0.999924	0.0111724	-0.00515493	-0.0112177	0.999898	-0.00884326	0.00505561	0.00890041	0.999948	-0.00801763	-0.00397939	0.341617	0.999926	0.012139	0.00035638	-0.0120585	0.995919	-0.089444	-0.00144069	0.0894331	0.995992
0.182	0.181995	0.999394	0.0159297	-0.00547786	0.355084	0.999923	0.0111612	-0.00544184	-0.0112106	0.999895	-0.00912809	0.00533939	0.0091884	0.999944	-0.00832511	-0.00397939	0.341303	0.999926	0.0121389	0.000350443	-0.0120575	0.995831	-0.0904168	-0.00144654	0.0904059	0.995904
0.184	0.183994	0.999308	0.0154044	-0.00553927	0.354991	0.999921	0.0111532	-0.00573665	-0.011207	0.999893	-0.00943703	0.00563078	0.00950058	0.999939	-0.00862979	-0.00397939	0.340986	0.999926	0.0121388	0.000344511	-0.0120565	0.995742	-0.0913889	-0.0014524	0.091378	0.995815
0.186	0.185992	0.999221	0.0154044	-0.00553927	0.354991	0.999921	0.0111532	-0.00573665	-0.011207	0.999893	-0.00943703	0.00563078	0.00950058	0.999939	-0.00893165	-0.00397939	0.340667	0.999926	0.0121387	0.000338583	-0.0120555	0.995653	-0.0923602	-0.00145824	0.0923493	0.995726
0.188	0.18799	0.999135	0.0148095	-0.00560873	0.354883	0.999919	0.0111482	-0.00606983	-0.0112073	0.999889	-0.00979181	0.00596	0.00985905	0.999934	-0.00923066	-0.00397939	0.340345	0.999926	0.0121386	0.000332659	-0.0120546	0.995562	-0.0933307	-0.00146408	0.0933198	0.995635
0.19	0.189989	0.999049	0.0148095	-0.00560873	0.354883	0.999919	0.0111482	-0.00606983	-0.0112073	0.999889	-0.00979181	0.00596	0.00985905	0.999934	-0.00952681	-0.00397939	0.34002	0.999926	0.0121385	0.00032674	-0.0120536	0.995471	-0.0943004	-0.00146992	0.0942895	0.995544
0.192	0.191987	0.998962	0.0142581	-0.00567304	0.354781	0.999918	0.0111471	-0.00637786	-0.0112113	0.999886	-0.0101198	0.00626433	0.0101904	0.999928	-0.00982007	-0.00397939	0.339693	0.999926	0.0121383	0.000320825	-0.0120526	0.995379	-0.0952693	-0.00147575	0.0952584	0.995451
0.194	0.193984	0.998876	0.0136941	-0.00573877	0.354675	0.999915	0.0111492	-0.00669247	-0.0112188	0.999882	-0.0104524	0.00657514	0.0105266	0.999923	-0.0101104	-0.00397939	0.339363	0.999926	0.0121382	0.000314915	-0.0120516	0.995285	-0.0962374	-0.00148158	0.0962265	0.995358
0.196	0.195982	0.998789	0.0136941	-0.00573877	0.354675	0.999915	0.0111492	-0.00669247	-0.0112188	0.999882	-0.0104524	0.00657514	0.0105266	0.999923	-0.0103978	-0.00397939	0.339031	0.999926	0.0121381	0.00030901	-0.0120506	0.995191	-0.0972046	-0.0014874	0.0971937	0.995264
0.198	0.197979	0.998703	0.0131481	-0.00580237	0.354571	0.999913	0.0111542	-0.00699693	-0.0112291	0.999879	-0.0107711	0.00687594	0.0108488	0.999918	-0.0106823	-0.00397939	0.338696	0.999926	0.0121379	0.000303109	-0.0120496	0.995097	-0.098171	-0.00149322	0.0981601	0.99517
0.2	0.199976	0.998617	0.0125906	-0.00586727	0.354463	0.999911	0.0111619	-0.00730801	-0.0112425	0.999875	-0.0110932	0.00718328	0.0111744	0.999912	-0.0109638	-0.00397939	0.338359	0.999926	0.0121378	0.000297213	-0.0120485	0.995001	-0.0991366	-0.00149903	0.0991257	0.995074
0.202	0.201974	0.99853	0.0125906	-0.00586727	0.354463	0.999911	0.0111619	-0.00730801	-0.0112425	0.999875	-0.0110932	0.00718328	0.0111744	0.999912	-0.0112423	-0.00397939	0.33802	0.999926	0.0121376	0.000291321	-0.0120475	0.994904	-0.100101	-0.00150483	0.10009	0.994977
0.204	0.20397	0.998444	0.0120214	-0.00593349	0.354352	0.999909	0.0111722	-0.00762604	-0.0112589	0.999871	-0.0114185	0.00749749	0.0115033	0.999906	-0.0115177	-0.00397939	0.337678	0.999926	0.0121375	0.000285435	-0.0120465	0.994807	-0.101065	-0.00151063	0.101054	0.99488
0.206	0.205967	0.998358	0.0113427	-0.00601237	0.354218	0.999905	0.0111876	-0.00800627	-0.0112817	0.999867	-0.0118061	0.00787312	0.0118953	0.999898	-0.0117902	-0.00397939	0.337333	0.999926	0.0121373	0.000279553	-0.0120455	0.994709	-0.102028	-0.00151642	0.102017	0.994781
0.208	0.207964	0.998271	0.0113427	-0.00601237	0.354218	0.999905	0.0111876	-0.00800627	-0.0112817	0.999867	-0.0118061	0.00787312	0.0118953	0.999898	-0.0120595	-0.00397939	0.336986	0.999926	0.0121372	0.000273676	-0.0120444	0.994609	-0.10299	-0.00152221	0.102979	0.994682
0.21	0.20996	0.998013	0.0107495	-0.00608098	0.354098	0.999902	0.0112032	-0.00834103	-0.0113044	0.999862	-0.0121785	0.00820344	0.0122716	0.999891	-0.0123258	-0.00397939	0.336638	0.999926	0.012137	0.000267805	-0.0120434	0.994509	-0.103951	-0.00152799	0.103941	0.994582
0.212	0.211955	0.997754	0.0101123	-0.00615441	0.353966	0.999899	0.0112225	-0.00870154	-0.0113317	0.999856	-0.0125998	0.00855889	0.0126971	0.999883	-0.0125889	-0.00397939	0.336286	0.999926	0.0121368	0.00026194	-0.0120423	0.994409	-0.104912	-0.00153377	0.104901	0.994482
0.214	0.21395	0.997495	0.00946353	-0.00622898	0.353829	0.999896	0.011245	-0.00906788	-0.0113627	0.99985	-0.0130348	0.00891994	0.0131364	0.999874	-0.0128488	-0.00397939	0.335933	0.999926	0.0121366	0.000256081	-0.0120413	0.994307	-0.105871	-0.00153953	0.10586	0.99438
0.216	0.215945	0.997237	0.00946353	-0.00622898	0.353829	0.999896	0.011245	-0.00906788	-0.0113627	0.99985	-0.0130348	0.00891994	0.0131364	0.999874	-0.0131056	-0.00397939	0.335577	0.999926	0.0121364	0.000250228	-0.0120402	0.994205	-0.106829	-0.00154529	0.106818	0.994277
0.218	0.217939	0.996979	0.00880307	-0.00630474	0.353687	0.999892	0.0112708	-0.00943994	-0.0113975	0.999844	-0.0134771	0.00928658	0.0135833	0.999865	-0.0133592	-0.00397939	0.33522	0.999926	0.0121362	0.000244381	-0.0120392	0.994101	-0.107785	-0.00155105	0.107775	0.994174
0.22	0.219932	0.996721	0.00813074	-0.00638173	0.35354	0.999888	0.0112997	-0.00981811	-0.0114359	0.999838	-0.0139245	0.00965917	0.0140352	0.999855	-0.0136096	-0.00397939	0.33486	0.999926	0.012136	0.00023854	-0.0120381	0.993997	-0.108741	-0.0015568	0.10873	0.99407
0.222	0.221925	0.996463	0.00813074	-0.00638173	0.35354	0.999888	0.0112997	-0.00981811	-0.0114359	0.999838	-0.0139245	0.00965917	0.0140352	0.999855	-0.0138567	-0.00397939	0.334498	0.999926	0.0121358	0.000232705	-0.0120371	0.993892	-0.109696	-0.00156254	0.109685	0.993965
0.224	0.223917	0.996205	0.00744637	-0.00645997	0.353388	0.999884	0.0113318	-0.0102028	-0.0114779	0.999831	-0.014376	0.0100382	0.0144914	0.999845	-0.0141006	-0.00397939	0.334134	0.999926	0.0121356	0.000226877	-0.012036	0.993787	-0.11065	-0.00156827	0.110639	0.993859
0.226	0.225909	0.995947	0.00674978	-0.00653949	0.353232	0.999879	0.011367	-0.0105946	-0.0115235	0.999824	-0.0148313	0.0104242	0.0149516	0.999834	-0.0143412	-0.00397939	0.333768	0.999926	0.0121354	0.000221054	-0.0120349	0.99368	-0.111602	-0.00157399	0.111591	0.993753
0.228	0.227901	0.99569	0.00674978	-0.00653949	0.353232	0.999879	0.011367	-0.0105946	-0.0115235	0.999824	-0.0148313	0.0104242	0.0149516	0.999834	-0.0145786	-0.00397939	0.3334	0.999926	0.0121352	0.000215239	-0.0120338	0.993573	-0.112554	-0.00157971	0.112543	0.993646
0.23	0.229892	0.995432	0.0060408	-0.00662031	0.353071	0.999875	0.0114051	-0.010994	-0.0115726	0.999816	-0.0152903	0.0108176	0.0154156	0.999823	-0.0148126	-0.00397939	0.33303	0.999926	0.0121349	0.000209429	-0.0120328	0.993465	-0.113504	-0.00158543	0.113493	0.993538
0.232	0.231882	0.995175	0.00531977	-0.00670234	0.352905	0.999869	0.0114461	-0.0114015	-0.0116251	0.999808	-0.0157597	0.0112189	0.0158902	0.999811	-0.0150434	-0.00397939	0.332658	0.999926	0.0121347	0.000203626	-0.0120317	0.993356	-0.114453	-0.00159113	0.114443	0.993429
0.234	0.233872	0.994918	0.00531977	-0.00670234	0.352905	0.999869	0.0114461	-0.0114015	-0.0116251	0.999808	-0.0157597	0.0112189	0.0158902	0.999811	-0.0152708	-0.00397939	0.332284	0.999926	0.0121345	0.000197829	-0.0120306	0.993246	-0.115402	-0.00159683	0.115391	0.993319
0.236	0.235861	0.994661	0.00458927	-0.00678504	0.352733	0.999864	0.0114893	-0.0118194	-0.0116809	0.999799	-0.0162661	0.0116301	0.016402	0.999798	-0.0154949	-0.00397939	0.331908	0.999926	0.0121342	0.000192038	-0.0120295	0.993136	-0.116349	-0.00160252	0.116338	0.993208
0.238	0.23785	0.994404	0.0038497	-0.0068684	0.352555	0.999859	0.0115353	-0.0122437	-0.0117401	0.99979	-0.0167943	0.0120474	0.0169357	0.999784	-0.0157157	-0.00397939	0.331531	0.999926	0.012134	0.000186254	-0.0120284	0.993024	-0.117295	-0.0016082	0.117284	0.993097
0.24	0.239838	0.993976	0.00310086	-0.0069525	0.352371	0.999853	0.0115842	-0.0126722	-0.011803	0.99978	-0.0173327	0.0124686	0.0174797	0.999769	-0.015933	-0.00397939	0.331151	0.999926	0.0121337	0.000180478	-0.0120273	0.992912	-0.118239	-0.00161388	0.118228	0.992985
0.242	0.241825	0.993548	0.00310086	-0.0069525	0.352371	0.999853	0.0115842	-0.0126722	-0.011803	0.99978	-0.0173327	0.0124686	0.0174797	0.999769	-0.0161469	-0.00397939	0.33077	0.999926	0.0121335	0.000174709	-0.0120262	0.9928	-0.119182	-0.00161955	0.119172	0.992872
0.244	0.243811	0.993121	0.00238266	-0.00703291	0.352191	0.999847	0.0116334	-0.0130817	-0.011866	0.99977	-0.0178479	0.012871	0.0180004	0.999755	-0.0163574	-0.00397939	0.330388	0.999926	0.0121332	0.000168947	-0.0120251	0.992686	-0.120124	-0.00162521	0.120114	0.992759
0.246	0.245796	0.992524	0.00161509	-0.00711861	0.351996	0.99984	0.0116883	-0.0135182	-0.011936	0.99976	-0.0183958	0.0133	0.0185543	0.999739	-0.0165644	-0.00397939	0.330003	0.999926	0.0121329	0.000163195	-0.0120239	0.992572	-0.121065	-0.00163086	0.121054	0.992645
0.248	0.24778	0.991927	0.00161509	-0.00711861	0.351996	0.99984	0.0116883	-0.0135182	-0.011936	0.99976	-0.0183958	0.0133	0.0185543	0.999739	-0.016768	-0.00397939	0.329617	0.999926	0.0121327	0.00015745	-0.0120228	0.992457	-0.122004	-0.0016365	0.121993	0.99253
0.25	0.249763	0.991331	0.000837557	-0.00720518	0.351796	0.999834	0.0117461	-0.0139599	-0.0120096	0.999748	-0.0189474	0.0137339	0.0191119	0.999723	-0.016968	-0.00397939	0.32923	0.999926	0.0121324	0.000151715	-0.0120217	0.992341	-0.122942	-0.00164213	0.122931	0.992414
0.252	0.251744	0.990736	4.98456e-05	-0.00729267	0.351591	0.999826	0.0118068	-0.0144074	-0.0120868	0.999737	-0.0195024	0.0141733	0.0196732	0.999706	-0.0171646	-0.00397939	0.328841	0.999926	0.0121321	0.000145988	-0.0120206	0.992225	-0.123878	-0.00164775	0.123867	0.992297
0.254	0.253724	0.990141	-0.000705953	-0.00737642	0.351392	0.99982	0.0118669	-0.0148372	-0.012163	0.999725	-0.0200316	0.0145954	0.0202085	0.999689	-0.0173576	-0.00397939	0.328451	0.999926	0.0121318	0.00014027	-0.0120194	0.992108	-0.124812	-0.00165336	0.124802	0.99218
0.256	0.255704	0.989548	-0.000705953	-0.00737642	0.351392	0.99982	0.0118669	-0.0148372	-0.012163	0.999725	-0.0200316	0.0145954	0.0202085	0.999689	-0.0175471	-0.00397939	0.328059	0.999926	0.0121315	0.000134561	-0.0120183	0.99199	-0.125746	-0.00165897	0.125735	0.992063
0.258	0.257681	0.988955	-0.00151153	-0.00746539	0.351176	0.999812	0.0119324	-0.0153	-0.0122466	0.999713	-0.0206108	0.0150496	0.0207942	0.99967	-0.0177331	-0.00397939	0.327666	0.999926	0.0121312	0.00012886	-0.0120172	0.991871	-0.126677	-0.00166456	0.126666	0.991944
0.26	0.259658	0.988362	-0.00232404	-0.00755483	0.350954	0.999804	0.0120003	-0.0157695	-0.0123336	0.999699	-0.0212083	0.0155102	0.0213987	0.999651	-0.0179155	-0.00397939	0.327271	0.999926	0.0121309	0.000123168	-0.012016	0.991752	-0.127607	-0.00167015	0.127596	0.991825
0.262	0.261634	0.98777	-0.00314376	-0.00764482	0.350726	0.999795	0.012071	-0.0162424	-0.0124241	0.999685	-0.0218146	0.0159739	0.0220119	0.99963	-0.0180944	-0.00397939	0.326875	0.999926	0.0121306	0.000117485	-0.0120149	0.991632	-0.128536	-0.00167572	0.128525	0.991705
0.264	0.263608	0.987179	-0.00314376	-0.00764482	0.350726	0.999795	0.012071	-0.0162424	-0.0124241	0.999685	-0.0218146	0.0159739	0.0220119	0.99963	-0.0182698	-0.00397939	0.326478	0.999926	0.0121303	0.000111811	-0.0120137	0.991511	-0.129463	-0.00168129	0.129452	0.991584
0.266	0.265581	0.986589	-0.00397096	-0.00773542	0.350492	0.999786	0.0121445	-0.0167182	-0.0125181	0.99967	-0.022426	0.0164404	0.0226305	0.999609	-0.0184415	-0.00397939	0.32608	0.999926	0.01213	0.000106145	-0.0120126	0.99139	-0.130389	-0.00168684	0.130378	0.991463
0.268	0.267553	0.986	-0.00480591	-0.00782667	0.350253	0.999777	0.0122209	-0.0171978	-0.0126157	0.999655	-0.0230413	0.0169102	0.0232532	0.999587	-0.0186098	-0.00397939	0.32568	0.999926	0.0121296	0.000100489	-0.0120114	0.991268	-0.131313	-0.00169239	0.131302	0.991341
0.27	0.269524	0.985579	-0.00480591	-0.00782667	0.350253	0.999777	0.0122209	-0.0171978	-0.0126157	0.999655	-0.0230413	0.0169102	0.0232532	0.999587	-0.0187745	-0.00397939	0.325279	0.999926	0.0121293	9.48404e-05	-0.0120103	0.991146	-0.132235	-0.00169793	0.132225	0.991218
0.272	0.271495	0.985159	-0.00564887	-0.00791863	0.350009	0.999768	0.0122999	-0.0176817	-0.0127168	0.999639	-0.0236603	0.0173843	0.0238796	0.999564	-0.0189356	-0.00397939	0.324877	0.999926	0.012129	8.91999e-05	-0.0120091	0.991022	-0.133157	-0.00170346	0.133146	0.991095
0.274	0.273464	0.984739	-0.00645509	-0.00800643	0.349773	0.999759	0.0123773	-0.0181449	-0.0128157	0.999624	-0.0242499	0.0178379	0.0244765	0.999541	-0.0190932	-0.00397939	0.324473	0.999926	0.0121287	8.35674e-05	-0.0120079	0.990898	-0.134077	-0.00170898	0.134066	0.990971
0.276	0.275433	0.984319	-0.00726896	-0.00809493	0.349532	0.999749	0.0124569	-0.0186134	-0.0129177	0.999608	-0.0248426	0.0182966	0.0250768	0.999518	-0.0192472	-0.00397939	0.324069	0.999926	0.0121283	7.79429e-05	-0.0120068	0.990773	-0.134995	-0.00171449	0.134985	0.990846
0.278	0.277401	0.9839	-0.0073144	-0.00809987	0.349518	0.999749	0.0124614	-0.0186396	-0.0129235	0.999607	-0.0248757	0.0183222	0.0251103	0.999517	-0.0193976	-0.00397939	0.323663	0.999926	0.012128	7.23266e-05	-0.0120056	0.990648	-0.135913	-0.00171999	0.135902	0.990721
0.28	0.279368	0.983481	-0.00818249	-0.00819414	0.349258	0.999738	0.0125481	-0.0191407	-0.0130346	0.99959	-0.0255051	0.0188128	0.0257479	0.999491	-0.0195445	-0.00397939	0.323256	0.999926	0.0121276	6.67183e-05	-0.0120044	0.990522	-0.136828	-0.00172549	0.136818	0.990595
0.282	0.281334	0.983062	-0.00901134	-0.00828398	0.349006	0.999728	0.0126315	-0.0196233	-0.0131423	0.999572	-0.026122	0.0192849	0.0263728	0.999466	-0.0196877	-0.00397939	0.322848	0.999926	0.0121273	6.11182e-05	-0.0120032	0.990395	-0.137743	-0.00173097	0.137732	0.990468
0.284	0.283299	0.982644	-0.00901134	-0.00828398	0.349006	0.999728	0.0126315	-0.0196233	-0.0131423	0.999572	-0.026122	0.0192849	0.0263728	0.999466	-0.0198274	-0.00397939	0.322439	0.999926	0.0121269	5.55263e-05	-0.0120021	0.990268	-0.138656	-0.00173645	0.138645	0.990341
0.286	0.285263	0.982226	-0.00988992	-0.00837897	0.348734	0.999716	0.0127212	-0.0201418	-0.0132591	0.999553	-0.0267973	0.0197919	0.0270568	0.999438	-0.0199635	-0.00397939	0.322029	0.999926	0.0121265	4.99425e-05	-0.0120009	0.99014	-0.139568	-0.00174192	0.139557	0.990213
0.288	0.287227	0.981809	-0.0107725	-0.00847419	0.348456	0.999704	0.0128133	-0.0206633	-0.0133792	0.999533	-0.0274835	0.0203015	0.0277518	0.999409	-0.020096	-0.00397939	0.321618	0.999926	0.0121262	4.4367e-05	-0.0119997	0.990011	-0.140478	-0.00174738	0.140467	0.990084
0.29	0.28919	0.981392	-0.0116596	-0.00856971	0.348172	0.999692	0.0129079	-0.0211861	-0.0135027	0.999512	-0.0281752	0.0208121	0.0284526	0.999378	-0.0202249	-0.00397939	0.321206	0.999926	0.0121258	3.87998e-05	-0.0119985	0.989882	-0.141387	-0.00175283	0.141376	0.989954
0.292	0.291152	0.980975	-0.0116596	-0.00856971	0.348172	0.999692	0.0129079	-0.0211861	-0.0135027	0.999512	-0.0281752	0.0208121	0.0284526	0.999378	-0.0203501	-0.00397939	0.320793	0.999926	0.0121254	3.32408e-05	-0.0119973	0.989752	-0.142294	-0.00175827	0.142283	0.989824
0.294	0.293113	0.980559	-0.0125513	-0.0086656	0.347882	0.99968	0.0130051	-0.0217106	-0.0136297	0.99949	-0.0288708	0.0213241	0.0291575	0.999347	-0.0204718	-0.00397939	0.320379	0.999926	0.012125	2.76902e-05	-0.0119961	0.989621	-0.1432	-0.0017637	0.143189	0.989694
0.296	0.295073	0.979976	-0.0134007	-0.00875682	0.347602	0.999668	0.0130995	-0.0222098	-0.013753	0.999469	-0.0295331	0.0218112	0.0298287	0.999317	-0.0205898	-0.00397939	0.319965	0.999926	0.0121246	2.21488e-05	-0.0119949	0.98949	-0.144104	-0.00176913	0.144094	0.989562
0.298	0.297032	0.979395	-0.013448	-0.0087619	0.347586	0.999667	0.0131048	-0.0222377	-0.01376	0.999468	-0.0295699	0.0218383	0.0298661	0.999315	-0.0207041	-0.00397939	0.31955	0.999926	0.0121242	1.66168e-05	-0.0119937	0.989358	-0.145007	-0.00177454	0.144996	0.989431
0.3	0.298989	0.978814	-0.0143501	-0.00885867	0.347285	0.999654	0.0132069	-0.0227681	-0.0138936	0.999445	-0.0302725	0.0223556	0.0305783	0.999282	-0.0208148	-0.00397939	0.319134	0.999927	0.0121238	1.1094e-05	-0.0119925	0.989225	-0.145908	-0.00177994	0.145898	0.989298
