t_real	tv	d_tv	p_c_x	p_c_y	p_c_z	Rc_00	Rc_01	Rc_02	Rc_10	Rc_11	Rc_12	Rc_20	Rc_21	Rc_22	p_d_x	p_d_y	p_d_z	Rd_00	Rd_01	Rd_02	Rd_10	Rd_11	Rd_12	Rd_20	Rd_21	Rd_22
0.002	0.002	1	0.0396986	-0.0203131	0.356486	0.999959	0.00903225	0.000912669	-0.00903236	0.999959	0.000113673	-0.000911605	-0.000121912	1	0.0392586	-0.0203131	0.356484	0.999959	0.00903272	0.000908133	-0.00903191	0.999959	-0.000891617	-0.000916149	0.000883378	0.999999
0.004	0.004	1	0.0396992	-0.0203131	0.356486	0.999959	0.00903218	0.000912658	-0.00903229	0.999959	0.000113682	-0.000911594	-0.000121921	1	0.0388188	-0.0203131	0.356479	0.999959	0.00903318	0.000903592	-0.00903145	0.999957	-0.00189691	-0.000920689	0.00188867	0.999998
0.006	0.006	1	0.0396992	-0.0203132	0.356487	0.999959	0.00903006	0.000915578	-0.00903011	0.999959	4.59573e-05	-0.000915126	-5.42232e-05	1	0.0383791	-0.0203131	0.356469	0.999959	0.00903362	0.000899051	-0.00903098	0.999955	-0.00290218	-0.000925228	0.00289394	0.999995
0.008	0.008	1	0.0396992	-0.0203132	0.356487	0.999959	0.00903006	0.000915578	-0.00903011	0.999959	4.59573e-05	-0.000915126	-5.42232e-05	1	0.0379395	-0.0203131	0.356455	0.999959	0.00903407	0.00089451	-0.00903051	0.999952	-0.00390743	-0.000929766	0.00389919	0.999992
0.01	0.01	1	0.0396977	-0.0203145	0.356487	0.999959	0.00902819	0.000914429	-0.00902767	0.999959	-0.000576977	-0.000919601	0.000568698	0.999999	0.0375	-0.0203131	0.356438	0.999959	0.0090345	0.000889968	-0.00903003	0.999947	-0.00491265	-0.000934304	0.00490441	0.999988
0.012	0.012	1	0.0396944	-0.0203209	0.356489	0.999959	0.00903009	0.000914737	-0.00902941	0.999959	-0.000747471	-0.00092145	0.00073918	0.999999	0.0370607	-0.0203131	0.356417	0.999959	0.00903494	0.000885426	-0.00902954	0.999942	-0.00591783	-0.000938841	0.0059096	0.999982
0.014	0.014	1	0.0396892	-0.0203286	0.35649	0.999959	0.0090311	0.000914716	-0.00903036	0.999959	-0.000805359	-0.000921952	0.000797066	0.999999	0.0366216	-0.0203131	0.356392	0.999959	0.00903537	0.000880883	-0.00902906	0.999935	-0.00692297	-0.000943378	0.00691473	0.999976
0.016	0.016	1	0.0396892	-0.0203286	0.35649	0.999959	0.0090311	0.000914716	-0.00903036	0.999959	-0.000805359	-0.000921952	0.000797066	0.999999	0.0361828	-0.0203131	0.356363	0.999959	0.00903579	0.000876341	-0.00902856	0.999928	-0.00792805	-0.000947914	0.00791981	0.999968
0.018	0.018	1	0.0396807	-0.0203376	0.356493	0.999959	0.00903233	0.000912935	-0.00903154	0.999959	-0.00086932	-0.00092075	0.000861038	0.999999	0.0357442	-0.0203131	0.35633	0.999959	0.00903621	0.000871798	-0.00902807	0.999919	-0.00893306	-0.000952449	0.00892482	0.99996
0.02	0.02	1	0.0396793	-0.0203388	0.356493	0.999959	0.00903252	0.000912503	-0.00903172	0.999959	-0.000878623	-0.00091953	0.000889163	0.999999	0.0353059	-0.0203131	0.356293	0.999959	0.00903663	0.000867255	-0.00902757	0.99991	-0.00993801	-0.000956983	0.00992977	0.99995
0.022	0.022	1	0.0396708	-0.0203457	0.356495	0.999959	0.00903363	0.000909214	-0.00903279	0.999959	-0.000929171	-0.00091757	0.00092092	0.999999	0.0348679	-0.0203131	0.356252	0.999959	0.00903704	0.000862712	-0.00902706	0.999899	-0.0109429	-0.000961516	0.0109346	0.99994
0.024	0.024	1	0.0396589	-0.0203539	0.356497	0.999959	0.0090353	0.000903306	-0.0090344	0.999959	-0.000989882	-0.000912212	0.00098168	0.999999	0.0344304	-0.0203131	0.356208	0.999959	0.00903744	0.000858169	-0.00902655	0.999888	-0.0119477	-0.000966049	0.0119394	0.999928
0.026	0.026	1	0.0396449	-0.020362	0.356499	0.999959	0.00903738	0.000895382	-0.00903644	0.999959	-0.00105049	-0.000904839	0.00104236	0.999999	0.0339932	-0.0203131	0.35616	0.999959	0.00903785	0.000853626	-0.00902604	0.999875	-0.0129523	-0.000970581	0.0129441	0.999916
0.028	0.028	1	0.0396449	-0.020362	0.356499	0.999959	0.00903738	0.000895382	-0.00903644	0.999959	-0.00105049	-0.000904839	0.00104236	0.999999	0.0335565	-0.0203131	0.356108	0.999959	0.00903824	0.000849083	-0.00902552	0.999862	-0.0139569	-0.000975111	0.0139487	0.999902
0.03	0.03	1	0.0396289	-0.0203702	0.356501	0.999959	0.0090399	0.000885551	-0.00903892	0.999959	-0.00111096	-0.000895557	0.00110291	0.999999	0.0331202	-0.0203131	0.356052	0.999959	0.00903864	0.00084454	-0.00902499	0.999847	-0.0149614	-0.000979641	0.0149532	0.999888
0.032	0.032	1	0.0396116	-0.0203779	0.356504	0.999959	0.00904256	0.000875068	-0.00904153	0.999958	-0.00117216	-0.000885631	0.0011642	0.999999	0.0326845	-0.0203131	0.355992	0.999959	0.00903902	0.000839997	-0.00902446	0.999832	-0.0159658	-0.00098417	0.0159575	0.999872
0.034	0.034	1	0.0396106	-0.0203783	0.356504	0.999959	0.0090427	0.00087456	-0.00904167	0.999958	-0.00117624	-0.00088516	0.00116828	0.999999	0.0322493	-0.0203131	0.355928	0.999959	0.00903941	0.000835454	-0.00902393	0.999815	-0.01697	-0.000988698	0.0169617	0.999856
0.036	0.036	1	0.0395851	-0.0203876	0.356506	0.999959	0.00904479	0.000865083	-0.00904369	0.999958	-0.00126324	-0.000876473	0.00125537	0.999999	0.0318147	-0.0203131	0.355861	0.999959	0.00903979	0.000830911	-0.00902339	0.999798	-0.0179741	-0.000993225	0.0179658	0.999838
0.038	0.038	1	0.0395851	-0.0203876	0.356506	0.999959	0.00904479	0.000865083	-0.00904369	0.999958	-0.00126324	-0.000876473	0.00125537	0.999999	0.0313807	-0.0203131	0.35579	0.999959	0.00904016	0.000826368	-0.00902285	0.999779	-0.018978	-0.00099775	0.0189698	0.99982
0.04	0.04	1	0.0395586	-0.0203958	0.356508	0.999959	0.00904508	0.000855645	-0.00904393	0.999958	-0.00133884	-0.000867719	0.00133105	0.999999	0.0309473	-0.0203131	0.355714	0.999959	0.00904053	0.000821826	-0.00902231	0.99976	-0.0199818	-0.00100227	0.0199736	0.9998
0.042	0.042	1	0.0395259	-0.0204048	0.35651	0.999959	0.0090438	0.000842479	-0.0090426	0.999958	-0.00142019	-0.000855288	0.00141252	0.999999	0.0305146	-0.0203131	0.355636	0.999959	0.00904089	0.000817284	-0.00902176	0.999739	-0.0209855	-0.0010068	0.0209773	0.999779
0.044	0.044	1	0.0395259	-0.0204048	0.35651	0.999959	0.0090438	0.000842479	-0.0090426	0.999958	-0.00142019	-0.000855288	0.00141252	0.999999	0.0300826	-0.0203131	0.355553	0.999959	0.00904126	0.000812742	-0.0090212	0.999718	-0.021989	-0.00101132	0.0219807	0.999758
0.046	0.046	1	0.0394906	-0.0204137	0.356512	0.999959	0.00904118	0.000826443	-0.00903994	0.999958	-0.00149874	-0.000839959	0.00149121	0.999999	0.0296514	-0.0203131	0.355466	0.999959	0.00904161	0.000808201	-0.00902064	0.999695	-0.0229923	-0.00101584	0.0229841	0.999735
0.048	0.048	1	0.0394511	-0.0204229	0.356513	0.999959	0.00903728	0.000806888	-0.009036	0.999958	-0.0015787	-0.000821121	0.00157135	0.999998	0.0292209	-0.0203131	0.355376	0.999959	0.00904196	0.000803659	-0.00902008	0.999671	-0.0239954	-0.00102036	0.0239872	0.999712
0.05	0.05	1	0.0394511	-0.0204229	0.356513	0.999959	0.00903728	0.000806888	-0.009036	0.999958	-0.0015787	-0.000821121	0.00157135	0.999998	0.0287913	-0.0203131	0.355282	0.999959	0.00904231	0.000799119	-0.00901951	0.999647	-0.0249984	-0.00102488	0.0249901	0.999687
0.052	0.052	1	0.0394048	-0.020433	0.356514	0.999959	0.00903186	0.00078249	-0.00903055	0.999958	-0.00166459	-0.000797491	0.00165745	0.999998	0.0283625	-0.0203131	0.355184	0.999959	0.00904265	0.000794578	-0.00901894	0.999621	-0.0260011	-0.0010294	0.0259929	0.999662
0.054	0.054	1	0.0393537	-0.0204433	0.356515	0.999959	0.00902519	0.00075436	-0.00902385	0.999958	-0.00175212	-0.000770141	0.00174525	0.999998	0.0279345	-0.0203131	0.355083	0.999959	0.00904299	0.000790038	-0.00901836	0.999595	-0.0270037	-0.00103391	0.0269954	0.999635
0.056	0.056	1	0.0393537	-0.0204433	0.356515	0.999959	0.00902519	0.00075436	-0.00902385	0.999958	-0.00175212	-0.000770141	0.00174525	0.999998	0.0275075	-0.0203131	0.354977	0.999959	0.00904332	0.000785499	-0.00901778	0.999567	-0.028006	-0.00103843	0.0279977	0.999607
0.058	0.058	1	0.0392997	-0.0204536	0.356515	0.999959	0.00901663	0.000727458	-0.00901528	0.999958	-0.00184454	-0.000744058	0.00183791	0.999998	0.0270815	-0.0203131	0.354868	0.999959	0.00904365	0.00078096	-0.00901719	0.999539	-0.0290081	-0.00104294	0.0289999	0.999579
0.06	0.06	1	0.0392356	-0.0204651	0.356515	0.999959	0.0090047	0.000698008	-0.00900333	0.999958	-0.00194465	-0.000715489	0.00193829	0.999998	0.0266564	-0.0203131	0.354755	0.999959	0.00904397	0.000776422	-0.0090166	0.999509	-0.03001	-0.00104745	0.0300017	0.999549
0.062	0.062	1	0.0392356	-0.0204651	0.356515	0.999959	0.0090047	0.000698008	-0.00900333	0.999958	-0.00194465	-0.000715489	0.00193829	0.999998	0.0262323	-0.0203131	0.354639	0.999959	0.00904429	0.000771884	-0.00901601	0.999478	-0.0310116	-0.00105196	0.0310034	0.999519
0.064	0.064	1	0.0391681	-0.0204767	0.356514	0.999959	0.00899102	0.000666076	-0.00898965	0.999958	-0.00204148	-0.000684403	0.00203541	0.999998	0.0258092	-0.0203131	0.354518	0.999959	0.0090446	0.000767347	-0.00901541	0.999447	-0.032013	-0.00105647	0.0320048	0.999487
0.066	0.066	1	0.0390899	-0.0204896	0.356513	0.99996	0.0089748	0.00062719	-0.00897343	0.999957	-0.0021457	-0.000646421	0.00213999	0.999998	0.0253873	-0.0203131	0.354394	0.999959	0.00904491	0.000762811	-0.0090148	0.999414	-0.0330142	-0.00106097	0.0330059	0.999455
0.068	0.068	1	0.0390899	-0.0204896	0.356513	0.99996	0.0089748	0.00062719	-0.00897343	0.999957	-0.0021457	-0.000646421	0.00213999	0.999998	0.0249664	-0.0203131	0.354267	0.999959	0.00904522	0.000758276	-0.0090142	0.999381	-0.0340151	-0.00106548	0.0340068	0.999421
0.07	0.07	1	0.0389856	-0.0205062	0.35651	0.99996	0.00895349	0.000572839	-0.00895217	0.999957	-0.00227435	-0.000593177	0.00226913	0.999997	0.0245467	-0.0203131	0.354135	0.999959	0.00904552	0.000753741	-0.00901358	0.999346	-0.0350157	-0.00106998	0.0350075	0.999386
0.072	0.072	1	0.0388915	-0.0205206	0.356506	0.99996	0.00893497	0.000522031	-0.0089337	0.999957	-0.00238265	-0.000543298	0.00237789	0.999997	0.0241281	-0.0203131	0.354	0.999959	0.00904581	0.000749207	-0.00901297	0.999311	-0.0360161	-0.00107448	0.0360078	0.999351
0.074	0.074	1	0.0387957	-0.0205349	0.356503	0.99996	0.00891689	0.000469078	-0.0089157	0.999957	-0.00248692	-0.000491234	0.00248264	0.999997	0.0237108	-0.0203131	0.353861	0.999959	0.00904611	0.000744673	-0.00901234	0.999274	-0.0370161	-0.00107898	0.0370079	0.999314
0.076	0.076	1	0.0387957	-0.0205349	0.356503	0.99996	0.00891689	0.000469078	-0.0089157	0.999957	-0.00248692	-0.000491234	0.00248264	0.999997	0.0232947	-0.0203131	0.353719	0.999959	0.00904639	0.000740141	-0.00901172	0.999236	-0.0380159	-0.00108348	0.0380077	0.999277
0.078	0.078	1	0.0386874	-0.0205507	0.356498	0.99996	0.00889726	0.000408957	-0.00889617	0.999957	-0.00260173	-0.000432088	0.00259799	0.999997	0.0228798	-0.0203131	0.353573	0.999959	0.00904667	0.00073561	-0.00901109	0.999198	-0.0390154	-0.00108798	0.0390072	0.999238
0.08	0.08	1	0.0386874	-0.0205507	0.356498	0.99996	0.00889726	0.000408957	-0.00889617	0.999957	-0.00260173	-0.000432088	0.00259799	0.999997	0.0224663	-0.0203131	0.353423	0.999959	0.00904695	0.000731079	-0.00901046	0.999158	-0.0400146	-0.00109247	0.0400063	0.999199
0.082	0.082	1	0.0385699	-0.0205674	0.356492	0.999961	0.00887647	0.000347561	-0.00887549	0.999957	-0.00272198	-0.000371707	0.00271879	0.999996	0.0220541	-0.0203131	0.35327	0.999959	0.00904722	0.000726549	-0.00900982	0.999118	-0.0410134	-0.00109697	0.0410052	0.999158
0.084	0.084	1	0.038436	-0.020586	0.356484	0.999961	0.00885309	0.000278133	-0.00885226	0.999957	-0.00285157	-0.000303366	0.002849	0.999996	0.0216432	-0.0203131	0.353113	0.999959	0.00904749	0.000722021	-0.00900917	0.999076	-0.042012	-0.00110146	0.0420037	0.999117
0.086	0.086	1	0.038436	-0.020586	0.356484	0.999961	0.00885309	0.000278133	-0.00885226	0.999957	-0.00285157	-0.000303366	0.002849	0.999996	0.0212338	-0.0203131	0.352952	0.999959	0.00904776	0.000717493	-0.00900853	0.999034	-0.0430102	-0.00110595	0.043002	0.999074
0.088	0.088	1	0.0383066	-0.0206038	0.356476	0.999961	0.008831	0.000209844	-0.00883033	0.999957	-0.00297087	-0.00023607	0.0029689	0.999996	0.0208258	-0.0203131	0.352788	0.999959	0.00904801	0.000712967	-0.00900788	0.998991	-0.0440081	-0.00111043	0.0439998	0.999031
0.09	0.09	1	0.038161	-0.0206235	0.356466	0.999961	0.00880693	0.000131447	-0.00880648	0.999956	-0.00309945	-0.000158737	0.00309817	0.999995	0.0204192	-0.0203131	0.35262	0.999959	0.00904827	0.000708441	-0.00900722	0.998946	-0.0450056	-0.00111492	0.0449974	0.998986
0.092	0.092	1	0.038161	-0.0206235	0.356466	0.999961	0.00880693	0.000131447	-0.00880648	0.999956	-0.00309945	-0.000158737	0.00309817	0.999995	0.0200142	-0.0203131	0.352449	0.999959	0.00904852	0.000703917	-0.00900656	0.998901	-0.0460028	-0.0011194	0.0459945	0.998941
0.094	0.094	1	0.038006	-0.0206442	0.356455	0.999961	0.00878236	4.65724e-05	-0.00878217	0.999956	-0.00323073	-7.49438e-05	0.0032302	0.999995	0.0196106	-0.0203131	0.352274	0.999959	0.00904876	0.000699394	-0.0090059	0.998854	-0.0469996	-0.00112388	0.0469914	0.998895
0.096	0.096	1	0.038006	-0.0206442	0.356455	0.999961	0.00878236	4.65724e-05	-0.00878217	0.999956	-0.00323073	-7.49438e-05	0.0032302	0.999995	0.0192087	-0.0203131	0.352095	0.999959	0.009049	0.000694872	-0.00900523	0.998807	-0.0479961	-0.00112836	0.0479878	0.998847
0.098	0.098	1	0.0378418	-0.0206659	0.356443	0.999962	0.00875746	-4.46891e-05	-0.00875756	0.999956	-0.00336461	1.52217e-05	0.00336487	0.999994	0.0188083	-0.0203131	0.351913	0.999959	0.00904924	0.000690352	-0.00900456	0.998759	-0.0489921	-0.00113284	0.0489839	0.998799
0.1	0.1	1	0.0376682	-0.0206886	0.356429	0.999962	0.00873233	-0.000142272	-0.00873278	0.999956	-0.00350108	0.000111693	0.00350219	0.999994	0.0184095	-0.0203131	0.351728	0.999959	0.00904947	0.000685832	-0.00900388	0.998709	-0.0499878	-0.00113731	0.0499796	0.99875
0.102	0.102	1	0.0376682	-0.0206886	0.356429	0.999962	0.00873233	-0.000142272	-0.00873278	0.999956	-0.00350108	0.000111693	0.00350219	0.999994	0.0180123	-0.0203131	0.351539	0.999959	0.0090497	0.000681314	-0.0090032	0.998659	-0.0509831	-0.00114178	0.0509749	0.998699
0.104	0.104	1	0.0374853	-0.0207122	0.356414	0.999962	0.00870696	-0.000245673	-0.00870779	0.999955	-0.00364232	0.000213948	0.00364433	0.999993	0.0176169	-0.0203131	0.351346	0.999959	0.00904992	0.000676798	-0.00900251	0.998608	-0.051978	-0.00114625	0.0519698	0.998648
0.106	0.106	1	0.0372913	-0.020737	0.356397	0.999962	0.00868055	-0.000351355	-0.00868182	0.999955	-0.00379043	0.000318436	0.00379334	0.999993	0.0172231	-0.0203131	0.35115	0.999959	0.00905014	0.000672282	-0.00900182	0.998555	-0.0529726	-0.00115072	0.0529643	0.998596
0.108	0.108	1	0.0372913	-0.020737	0.356397	0.999962	0.00868055	-0.000351355	-0.00868182	0.999955	-0.00379043	0.000318436	0.00379334	0.999993	0.0168311	-0.0203131	0.350951	0.999959	0.00905035	0.000667769	-0.00900113	0.998502	-0.0539666	-0.00115519	0.0539584	0.998543
0.11	0.11	1	0.0370859	-0.0207631	0.356378	0.999962	0.00865279	-0.000461706	-0.00865454	0.999955	-0.00394203	0.000427576	0.00394588	0.999992	0.0164409	-0.0203131	0.350748	0.999959	0.00905056	0.000663256	-0.00900043	0.998448	-0.0549603	-0.00115965	0.0549521	0.998488
0.112	0.112	1	0.0368809	-0.0207889	0.356358	0.999963	0.00862546	-0.000572343	-0.00862773	0.999954	-0.00408882	0.000537049	0.0040936	0.999991	0.0160524	-0.0203131	0.350542	0.999959	0.00905076	0.000658745	-0.00899973	0.998393	-0.0559535	-0.00116411	0.0559453	0.998433
0.114	0.114	1	0.0366657	-0.0208159	0.356336	0.999963	0.00859742	-0.000689385	-0.00860026	0.999954	-0.00423868	0.000652912	0.00424445	0.999991	0.0156658	-0.0203131	0.350332	0.999959	0.00905096	0.000654236	-0.00899902	0.998337	-0.0569463	-0.00116857	0.0569381	0.998377
0.116	0.116	1	0.0366535	-0.0208175	0.356335	0.999963	0.00859584	-0.00069608	-0.00859872	0.999954	-0.00424711	0.000659541	0.00425294	0.999991	0.0152811	-0.0203131	0.350119	0.999959	0.00905116	0.000649728	-0.00899831	0.99828	-0.0579387	-0.00117302	0.0579305	0.99832
0.118	0.118	1	0.0364148	-0.0208473	0.35631	0.999963	0.00856568	-0.000827042	-0.00856924	0.999954	-0.00440876	0.00078924	0.00441569	0.99999	0.0148982	-0.0203131	0.349902	0.999959	0.00905135	0.000645222	-0.0089976	0.998222	-0.0589306	-0.00117748	0.0589224	0.998262
0.12	0.12	1	0.0364148	-0.0208473	0.35631	0.999963	0.00856568	-0.000827042	-0.00856924	0.999954	-0.00440876	0.00078924	0.00441569	0.99999	0.0145173	-0.0203131	0.349682	0.999959	0.00905153	0.000640717	-0.00899688	0.998163	-0.0599221	-0.00118193	0.0599138	0.998203
0.122	0.122	1	0.0361647	-0.0208783	0.356283	0.999963	0.00853515	-0.000965236	-0.00853948	0.999953	-0.00457371	0.000926154	0.00458178	0.999989	0.0141383	-0.0203131	0.349459	0.999959	0.00905171	0.000636215	-0.00899616	0.998103	-0.060913	-0.00118637	0.0609048	0.998143
0.124	0.124	1	0.0359174	-0.0209089	0.356255	0.999963	0.008506	-0.00110284	-0.00851113	0.999953	-0.00473303	0.00106253	0.00474224	0.999988	0.0137613	-0.0203131	0.349233	0.999959	0.00905189	0.000631713	-0.00899543	0.998042	-0.0619035	-0.00119082	0.0618953	0.998082
0.126	0.126	1	0.0356595	-0.0209406	0.356226	0.999963	0.00847653	-0.00124587	-0.00848254	0.999952	-0.00489923	0.00120428	0.00490962	0.999987	0.0133863	-0.0203131	0.349003	0.999959	0.00905206	0.000627214	-0.0089947	0.99798	-0.0628936	-0.00119526	0.0628853	0.99802
0.128	0.128	1	0.0356449	-0.0209424	0.356224	0.999963	0.00847488	-0.00125392	-0.00848094	0.999952	-0.00490865	0.00121226	0.00491911	0.999987	0.0130133	-0.0203131	0.34877	0.999959	0.00905223	0.000622716	-0.00899396	0.997917	-0.0638831	-0.0011997	0.0638749	0.997957
0.13	0.13	1	0.0353751	-0.0209754	0.356192	0.999963	0.00844499	-0.00140115	-0.00845201	0.999951	-0.0050816	0.00135817	0.00509326	0.999986	0.0126424	-0.0203131	0.348533	0.999959	0.00905239	0.000618221	-0.00899322	0.997853	-0.0648721	-0.00120414	0.0648639	0.997893
0.132	0.132	1	0.0353751	-0.0209754	0.356192	0.999963	0.00844499	-0.00140115	-0.00845201	0.999951	-0.0050816	0.00135817	0.00509326	0.999986	0.0122736	-0.0203131	0.348294	0.999959	0.00905255	0.000613727	-0.00899248	0.997788	-0.0658607	-0.00120858	0.0658524	0.997829
0.134	0.134	1	0.0350939	-0.0210098	0.356157	0.999963	0.00841495	-0.00155407	-0.00842301	0.999951	-0.00525868	0.00150975	0.00527158	0.999985	0.0119069	-0.0203131	0.348051	0.999959	0.00905271	0.000609234	-0.00899173	0.997723	-0.0668487	-0.00121301	0.0668404	0.997763
0.136	0.136	1	0.0347846	-0.0210475	0.356118	0.999963	0.00838306	-0.00172267	-0.00839234	0.99995	-0.00544946	0.0016769	0.00546372	0.999984	0.0115423	-0.0203131	0.347805	0.999959	0.00905285	0.000604744	-0.00899098	0.997656	-0.0678362	-0.00121744	0.0678279	0.997696
0.138	0.138	1	0.0344626	-0.0210867	0.356076	0.999963	0.008351	-0.00189896	-0.0083616	0.999949	-0.00564407	0.00185173	0.00565974	0.999982	0.01118	-0.0203131	0.347556	0.999959	0.009053	0.000600256	-0.00899023	0.997588	-0.0688231	-0.00122186	0.0688149	0.997629
0.14	0.14	1	0.0344626	-0.0210867	0.356076	0.999963	0.008351	-0.00189896	-0.0083616	0.999949	-0.00564407	0.00185173	0.00565974	0.999982	0.0108198	-0.0203131	0.347303	0.999959	0.00905314	0.00059577	-0.00898947	0.99752	-0.0698096	-0.00122629	0.0698013	0.99756
0.142	0.142	1	0.0341278	-0.0211274	0.356031	0.999963	0.00831875	-0.00208302	-0.0083308	0.999948	-0.00584245	0.00203431	0.00585959	0.999981	0.0104619	-0.0203131	0.347048	0.999959	0.00905328	0.000591286	-0.0089887	0.99745	-0.0707955	-0.00123071	0.0707872	0.997491
0.144	0.144	1	0.0337802	-0.0211695	0.355983	0.999963	0.00828631	-0.00227492	-0.00829993	0.999947	-0.00604458	0.00222471	0.00606324	0.999979	0.0101062	-0.0203131	0.346789	0.999959	0.00905341	0.000586803	-0.00898794	0.99738	-0.0717808	-0.00123513	0.0717726	0.99742
0.146	0.146	1	0.0337802	-0.0211695	0.355983	0.999963	0.00828631	-0.00227492	-0.00829993	0.999947	-0.00604458	0.00222471	0.00606324	0.999979	0.00975285	-0.0203131	0.346527	0.999959	0.00905353	0.000582323	-0.00898716	0.997309	-0.0727656	-0.00123954	0.0727574	0.997349
0.148	0.148	1	0.0334003	-0.0212154	0.35593	0.999963	0.00825194	-0.00248546	-0.00826736	0.999946	-0.00626138	0.00243366	0.00628169	0.999977	0.00940179	-0.0203131	0.346262	0.999959	0.00905366	0.000577845	-0.00898639	0.997236	-0.0737498	-0.00124395	0.0737416	0.997277
0.15	0.15	1	0.0330263	-0.0212605	0.355877	0.999963	0.00821908	-0.00269362	-0.00823637	0.999945	-0.00647204	0.00264028	0.00649399	0.999975	0.00905309	-0.0203131	0.345994	0.999959	0.00905377	0.00057337	-0.00898561	0.997163	-0.0747334	-0.00124836	0.0747252	0.997203
0.152	0.152	1	0.0330263	-0.0212605	0.355877	0.999963	0.00821908	-0.00269362	-0.00823637	0.999945	-0.00647204	0.00264028	0.00649399	0.999975	0.00870675	-0.0203131	0.345723	0.999959	0.00905389	0.000568896	-0.00898483	0.997089	-0.0757165	-0.00125277	0.0757083	0.997129
0.154	0.154	1	0.0326599	-0.0213046	0.355824	0.999962	0.00818891	-0.00289697	-0.00820812	0.999944	-0.00668261	0.00284208	0.00670614	0.999973	0.00836281	-0.0203131	0.345449	0.999959	0.009054	0.000564425	-0.00898404	0.997014	-0.076699	-0.00125717	0.0766908	0.997054
0.156	0.156	1	0.0326599	-0.0213046	0.355824	0.999962	0.00818891	-0.00289697	-0.00820812	0.999944	-0.00668261	0.00284208	0.00670614	0.999973	0.00802129	-0.0203131	0.345172	0.999959	0.0090541	0.000559956	-0.00898325	0.996938	-0.0776809	-0.00126157	0.0776726	0.996978
0.158	0.158	1	0.0322604	-0.0213525	0.355765	0.999962	0.00815919	-0.00311792	-0.00818058	0.999943	-0.00690968	0.00306136	0.00693492	0.999971	0.00768223	-0.0203131	0.344892	0.999959	0.0090542	0.000555489	-0.00898245	0.996861	-0.0786621	-0.00126597	0.0786539	0.996901
0.16	0.16	1	0.0318697	-0.0213993	0.355705	0.999961	0.00813294	-0.0033337	-0.00815655	0.999941	-0.0071293	0.00327552	0.00715621	0.999969	0.00734564	-0.0203131	0.344608	0.999959	0.0090543	0.000551024	-0.00898165	0.996783	-0.0796428	-0.00127036	0.0796346	0.996823
0.162	0.162	1	0.0314445	-0.0214501	0.355639	0.999961	0.00810714	-0.00356859	-0.00813326	0.99994	-0.00736584	0.00350865	0.00739458	0.999967	0.00701156	-0.0203131	0.344322	0.999959	0.00905439	0.000546562	-0.00898085	0.996704	-0.0806229	-0.00127475	0.0806146	0.996745
0.164	0.164	1	0.0314445	-0.0214501	0.355639	0.999961	0.00810714	-0.00356859	-0.00813326	0.99994	-0.00736584	0.00350865	0.00739458	0.999967	0.00668	-0.0203131	0.344033	0.999959	0.00905447	0.000542103	-0.00898004	0.996625	-0.0816023	-0.00127914	0.0815941	0.996665
0.166	0.166	1	0.0310295	-0.0214996	0.355573	0.99996	0.00808441	-0.00379805	-0.00811308	0.999938	-0.00759436	0.00373642	0.00762487	0.999964	0.006351	-0.0203131	0.343741	0.999959	0.00905456	0.000537645	-0.00897923	0.996544	-0.0825811	-0.00128352	0.0825728	0.996584
0.168	0.168	1	0.0305784	-0.0215534	0.3555	0.999959	0.00806211	-0.00404779	-0.00809366	0.999937	-0.00784018	0.00398432	0.00787262	0.999961	0.00602458	-0.0203131	0.343447	0.999959	0.00905464	0.000533191	-0.00897842	0.996462	-0.0835592	-0.0012879	0.083551	0.996503
0.17	0.17	1	0.0301139	-0.0216086	0.355425	0.999958	0.00804146	-0.00430549	-0.00807611	0.999935	-0.00809069	0.00424015	0.00812513	0.999958	0.00570077	-0.0203131	0.343149	0.999959	0.00905471	0.000528738	-0.0089776	0.99638	-0.0845367	-0.00129228	0.0845285	0.99642
0.172	0.172	1	0.0301139	-0.0216086	0.355425	0.999958	0.00804146	-0.00430549	-0.00807611	0.999935	-0.00809069	0.00424015	0.00812513	0.999958	0.00537959	-0.0203131	0.342849	0.999959	0.00905478	0.000524289	-0.00897678	0.996297	-0.0855136	-0.00129665	0.0855054	0.996337
0.174	0.174	1	0.0296359	-0.0216653	0.355346	0.999957	0.00802238	-0.00457139	-0.00806034	0.999933	-0.00834584	0.00450413	0.00838233	0.999955	0.00506106	-0.0203131	0.342545	0.999959	0.00905484	0.000519841	-0.00897595	0.996212	-0.0864898	-0.00130102	0.0864815	0.996253
0.176	0.176	1	0.0291185	-0.0217264	0.355259	0.999956	0.00800472	-0.00486045	-0.00804649	0.99993	-0.00863429	0.00479099	0.00867302	0.999951	0.00474521	-0.0203131	0.342239	0.999959	0.0090549	0.000515397	-0.00897512	0.996127	-0.0874653	-0.00130539	0.0874571	0.996167
0.178	0.178	1	0.0291185	-0.0217264	0.355259	0.999956	0.00800472	-0.00486045	-0.00804649	0.99993	-0.00863429	0.00479099	0.00867302	0.999951	0.00443207	-0.0203131	0.34193	0.999959	0.00905496	0.000510955	-0.00897429	0.996041	-0.0884401	-0.00130975	0.0884319	0.996081
0.18	0.18	1	0.0286405	-0.0217827	0.355177	0.999955	0.00799211	-0.00512775	-0.0080376	0.999928	-0.0089131	0.00505614	0.00895391	0.999947	0.00412165	-0.0203131	0.341619	0.999959	0.00905501	0.000506516	-0.00897345	0.995954	-0.0894143	-0.00131411	0.0894061	0.995994
0.182	0.182	1	0.0281233	-0.0218435	0.355085	0.999953	0.00798216	-0.00541657	-0.00803186	0.999925	-0.00921734	0.00534259	0.00926041	0.999943	0.00381399	-0.0203131	0.341304	0.999959	0.00905506	0.000502079	-0.00897261	0.995866	-0.0903877	-0.00131847	0.0903795	0.995907
0.184	0.184	1	0.0281233	-0.0218435	0.355085	0.999953	0.00798216	-0.00541657	-0.00803186	0.999925	-0.00921734	0.00534259	0.00926041	0.999943	0.00350911	-0.0203131	0.340987	0.999959	0.0090551	0.000497646	-0.00897177	0.995777	-0.0913605	-0.00132282	0.0913523	0.995818
0.186	0.186	1	0.0275647	-0.0219091	0.354985	0.999952	0.00797542	-0.0057282	-0.00802986	0.999922	-0.00954455	0.00565164	0.00959009	0.999938	0.00320702	-0.0203131	0.340668	0.999959	0.00905514	0.000493215	-0.00897092	0.995688	-0.0923326	-0.00132717	0.0923244	0.995728
0.188	0.188	1	0.0270204	-0.0219728	0.354885	0.99995	0.0079725	-0.00603166	-0.00803173	0.999919	-0.00985988	0.00595256	0.00990784	0.999933	0.00290776	-0.0203131	0.340345	0.999959	0.00905517	0.000488787	-0.00897007	0.995597	-0.0933039	-0.00133152	0.0932957	0.995638
0.19	0.19	1	0.0270204	-0.0219728	0.354885	0.99995	0.0079725	-0.00603166	-0.00803173	0.999919	-0.00985988	0.00595256	0.00990784	0.999933	0.00261135	-0.0203131	0.340021	0.999959	0.0090552	0.000484361	-0.00896921	0.995506	-0.0942746	-0.00133586	0.0942663	0.995546
0.192	0.192	1	0.0264628	-0.022038	0.354782	0.999948	0.00797286	-0.00634261	-0.00803717	0.999916	-0.0101789	0.00626092	0.0102294	0.999928	0.0023178	-0.0203131	0.339693	0.999959	0.00905523	0.000479939	-0.00896835	0.995414	-0.0952445	-0.0013402	0.0952362	0.995454
0.194	0.194	1	0.0264628	-0.022038	0.354782	0.999948	0.00797286	-0.00634261	-0.00803717	0.999916	-0.0101789	0.00626092	0.0102294	0.999928	0.00202715	-0.0203131	0.339363	0.999959	0.00905525	0.000475519	-0.00896749	0.99532	-0.0962136	-0.00134453	0.0962054	0.995361
0.196	0.196	1	0.0258917	-0.0221048	0.354675	0.999946	0.00797642	-0.00666143	-0.00804611	0.999912	-0.0105015	0.00657708	0.0105545	0.999923	0.00173942	-0.0203131	0.33903	0.999959	0.00905527	0.000471103	-0.00896662	0.995226	-0.097182	-0.00134886	0.0971738	0.995267
0.198	0.198	1	0.0253072	-0.0221729	0.354563	0.999944	0.00798304	-0.00698843	-0.00805847	0.999909	-0.0108321	0.00690132	0.0108878	0.999917	0.00145462	-0.0203131	0.338695	0.999959	0.00905528	0.000466689	-0.00896575	0.995131	-0.0981497	-0.00135319	0.0981415	0.995172
0.2	0.2	1	0.0253072	-0.0221729	0.354563	0.999944	0.00798304	-0.00698843	-0.00805847	0.999909	-0.0108321	0.00690132	0.0108878	0.999917	0.00117278	-0.0203131	0.338357	0.999959	0.00905529	0.000462279	-0.00896488	0.995035	-0.0991166	-0.00135751	0.0991084	0.995076
0.202	0.202	1	0.0247107	-0.0222421	0.354447	0.999941	0.00799225	-0.00732456	-0.00807401	0.999905	-0.0112011	0.00723434	0.0112595	0.99991	0.000893916	-0.0203131	0.338017	0.999959	0.00905529	0.000457871	-0.008964	0.994939	-0.100083	-0.00136183	0.100075	0.994979
0.204	0.204	1	0.0241025	-0.0223124	0.354326	0.999939	0.0080043	-0.00766786	-0.00809292	0.9999	-0.0115959	0.00757427	0.0116573	0.999903	0.000618059	-0.0203131	0.337675	0.999959	0.00905529	0.000453467	-0.00896312	0.994841	-0.101048	-0.00136615	0.10104	0.994881
0.206	0.206	1	0.0241025	-0.0223124	0.354326	0.999939	0.0080043	-0.00766786	-0.00809292	0.9999	-0.0115959	0.00757427	0.0116573	0.999903	0.000345226	-0.0203131	0.33733	0.999959	0.00905528	0.000449065	-0.00896224	0.994743	-0.102013	-0.00137046	0.102005	0.994783
0.208	0.208	1	0.0234825	-0.0223838	0.3542	0.999936	0.00801943	-0.00801681	-0.00811533	0.999895	-0.0120032	0.00791971	0.0120675	0.999896	7.5438e-05	-0.0203131	0.336982	0.999959	0.00905528	0.000444667	-0.00896135	0.994643	-0.102977	-0.00137477	0.102968	0.994684
0.21	0.21	1	0.0228505	-0.0224564	0.354069	0.999933	0.00803766	-0.00837135	-0.00814127	0.99989	-0.0124173	0.00827063	0.0124846	0.999888	-0.000191284	-0.0203131	0.336633	0.999959	0.00905526	0.000440272	-0.00896046	0.994543	-0.10394	-0.00137907	0.103931	0.994584
0.212	0.212	1	0.0228505	-0.0224564	0.354069	0.999933	0.00803766	-0.00837135	-0.00814127	0.99989	-0.0124173	0.00827063	0.0124846	0.999888	-0.00045492	-0.0203131	0.336281	0.999959	0.00905525	0.000435881	-0.00895956	0.994442	-0.104902	-0.00138337	0.104894	0.994482
0.214	0.214	1	0.0222065	-0.0225303	0.353933	0.999929	0.00805897	-0.00873186	-0.00817069	0.999884	-0.0128359	0.00862741	0.0129064	0.999879	-0.000715448	-0.0203131	0.335926	0.999959	0.00905522	0.000431492	-0.00895866	0.99434	-0.105863	-0.00138767	0.105855	0.994381
0.216	0.216	1	0.0215502	-0.0226054	0.353792	0.999926	0.00808328	-0.00909886	-0.00820355	0.999878	-0.0132584	0.00899058	0.0133321	0.999871	-0.00097285	-0.0203131	0.33557	0.999959	0.0090552	0.000427107	-0.00895776	0.994238	-0.106824	-0.00139196	0.106816	0.994278
0.218	0.218	1	0.0215502	-0.0226054	0.353792	0.999926	0.00808328	-0.00909886	-0.00820355	0.999878	-0.0132584	0.00899058	0.0133321	0.999871	-0.0012271	-0.0203131	0.335211	0.999959	0.00905517	0.000422725	-0.00895686	0.994134	-0.107784	-0.00139624	0.107775	0.994174
0.22	0.22	1	0.0209169	-0.0226777	0.353655	0.999922	0.00810903	-0.009453	-0.00823779	0.999873	-0.013662	0.00934101	0.0137388	0.999862	-0.00147819	-0.0203131	0.33485	0.999959	0.00905513	0.000418347	-0.00895595	0.99403	-0.108743	-0.00140053	0.108734	0.99407
0.222	0.222	1	0.0202724	-0.0227513	0.353514	0.999919	0.00813736	-0.00981386	-0.00827501	0.999867	-0.0140688	0.00969807	0.0141488	0.999853	-0.00172609	-0.0203131	0.334486	0.999959	0.0090551	0.000413971	-0.00895503	0.993924	-0.109701	-0.00140481	0.109693	0.993965
0.224	0.224	1	0.0196166	-0.0228259	0.353369	0.999915	0.00816817	-0.0101818	-0.00831516	0.999861	-0.0144794	0.0100621	0.0145628	0.999843	-0.00197079	-0.0203131	0.334121	0.999959	0.00905505	0.0004096	-0.00895412	0.993818	-0.110658	-0.00140908	0.11065	0.993858
0.226	0.226	1	0.0195798	-0.0228301	0.353361	0.999915	0.00816994	-0.0102025	-0.00831748	0.99986	-0.0145028	0.0100826	0.0145864	0.999843	-0.00221226	-0.0203131	0.333753	0.999959	0.00905501	0.000405231	-0.0089532	0.993711	-0.111614	-0.00141335	0.111606	0.993752
0.228	0.228	1	0.0189137	-0.0229057	0.353211	0.99991	0.00820294	-0.0105795	-0.00836058	0.999853	-0.014943	0.0104554	0.0150301	0.999832	-0.00245049	-0.0203131	0.333384	0.999959	0.00905495	0.000400867	-0.00895228	0.993603	-0.11257	-0.00141762	0.112562	0.993644
0.23	0.23	1	0.0182008	-0.0229862	0.353047	0.999906	0.00824035	-0.0109851	-0.0084094	0.999846	-0.0154322	0.0108562	0.0155231	0.999821	-0.00268546	-0.0203131	0.333012	0.999959	0.0090549	0.000396505	-0.00895135	0.993495	-0.113525	-0.00142188	0.113517	0.993535
0.232	0.232	1	0.0182008	-0.0229862	0.353047	0.999906	0.00824035	-0.0109851	-0.0084094	0.999846	-0.0154322	0.0108562	0.0155231	0.999821	-0.00291715	-0.0203131	0.332638	0.999959	0.00905484	0.000392148	-0.00895042	0.993385	-0.114479	-0.00142614	0.11447	0.993426
0.234	0.234	1	0.0175159	-0.0230634	0.352886	0.999901	0.00827851	-0.011374	-0.00845892	0.999838	-0.0159068	0.0112405	0.0160014	0.999809	-0.00314554	-0.0203131	0.332262	0.999959	0.00905478	0.000387794	-0.00894949	0.993275	-0.115432	-0.00143039	0.115423	0.993315
0.236	0.236	1	0.0167828	-0.0231459	0.352712	0.999896	0.00832172	-0.0117893	-0.00851469	0.999829	-0.0164143	0.0116507	0.0165129	0.999796	-0.00337061	-0.0203131	0.331884	0.999959	0.00905471	0.000383443	-0.00894855	0.993164	-0.116384	-0.00143464	0.116375	0.993204
0.238	0.238	1	0.0167828	-0.0231459	0.352712	0.999896	0.00832172	-0.0117893	-0.00851469	0.999829	-0.0164143	0.0116507	0.0165129	0.999796	-0.00359236	-0.0203131	0.331504	0.999959	0.00905464	0.000379096	-0.00894761	0.993052	-0.117335	-0.00143889	0.117327	0.993092
0.24	0.24	1	0.0160784	-0.023225	0.352542	0.999891	0.00836541	-0.0121876	-0.00857081	0.99982	-0.0168994	0.012044	0.017002	0.999783	-0.00381075	-0.0203131	0.331123	0.999959	0.00905456	0.000374753	-0.00894667	0.992939	-0.118285	-0.00144313	0.118277	0.99298
0.242	0.242	1	0.0152843	-0.0233139	0.352348	0.999885	0.00841705	-0.0126364	-0.00863686	0.999811	-0.0174425	0.0124872	0.0175497	0.999768	-0.00402578	-0.0203131	0.330739	0.999959	0.00905448	0.000370414	-0.00894573	0.992826	-0.119234	-0.00144736	0.119226	0.992866
0.244	0.244	1	0.0145996	-0.0233905	0.352178	0.999879	0.00846344	-0.0130235	-0.00869603	0.999802	-0.0179074	0.0128694	0.0180185	0.999755	-0.00423742	-0.0203131	0.330353	0.999959	0.0090544	0.000366078	-0.00894478	0.992711	-0.120183	-0.00145159	0.120175	0.992752
0.246	0.246	1	0.0145591	-0.0233951	0.352168	0.999879	0.00846624	-0.0130465	-0.00869959	0.999801	-0.0179348	0.012892	0.0180462	0.999754	-0.00444566	-0.0203131	0.329966	0.999959	0.00905431	0.000361746	-0.00894382	0.992596	-0.121131	-0.00145582	0.121122	0.992637
0.248	0.248	1	0.013783	-0.0234817	0.351974	0.999873	0.00852079	-0.0134865	-0.00876913	0.999791	-0.0184638	0.0133263	0.0185797	0.999739	-0.00465049	-0.0203131	0.329577	0.999959	0.00905422	0.000357418	-0.00894287	0.99248	-0.122077	-0.00146004	0.122069	0.992521
0.25	0.25	1	0.0130817	-0.0235598	0.351794	0.999867	0.00857154	-0.0138888	-0.00883425	0.999781	-0.0189656	0.0137232	0.0190858	0.999724	-0.00485189	-0.0203131	0.329186	0.999959	0.00905412	0.000353094	-0.00894191	0.992364	-0.123023	-0.00146426	0.123015	0.992404
0.252	0.252	1	0.0130403	-0.0235644	0.351784	0.999866	0.00857458	-0.0139126	-0.00883816	0.999781	-0.0189957	0.0137467	0.0191162	0.999723	-0.00504984	-0.0203131	0.328793	0.999959	0.00905402	0.000348773	-0.00894095	0.992246	-0.123968	-0.00146847	0.123959	0.992286
0.254	0.254	1	0.012249	-0.0236521	0.351577	0.999859	0.00863379	-0.0143685	-0.00891434	0.999769	-0.0195768	0.0141961	0.0197021	0.999705	-0.00524432	-0.0203131	0.328399	0.999959	0.00905392	0.000344457	-0.00893998	0.992128	-0.124911	-0.00147268	0.124903	0.992168
0.256	0.256	1	0.0114077	-0.0237451	0.351353	0.999852	0.00869912	-0.0148518	-0.00899831	0.999755	-0.0201984	0.0146724	0.0203291	0.999686	-0.00543533	-0.0203131	0.328002	0.999959	0.00905381	0.000340144	-0.00893901	0.992008	-0.125854	-0.00147689	0.125846	0.992049
0.258	0.258	1	0.0114077	-0.0237451	0.351353	0.999852	0.00869912	-0.0148518	-0.00899831	0.999755	-0.0201984	0.0146724	0.0203291	0.999686	-0.00562285	-0.0203131	0.327605	0.999959	0.0090537	0.000335836	-0.00893804	0.991889	-0.126796	-0.00148109	0.126788	0.991929
0.26	0.26	1	0.0106003	-0.0238342	0.351135	0.999844	0.0087641	-0.015314	-0.0090817	0.999743	-0.0207945	0.0151279	0.0209303	0.999666	-0.00580686	-0.0203131	0.327205	0.999959	0.00905358	0.000331531	-0.00893707	0.991768	-0.127737	-0.00148528	0.127729	0.991808
0.262	0.262	1	0.00978461	-0.023924	0.35091	0.999836	0.00883188	-0.0157799	-0.00916859	0.999729	-0.0213944	0.0155867	0.0215356	0.999647	-0.00598735	-0.0203131	0.326804	0.999959	0.00905346	0.00032723	-0.00893609	0.991646	-0.128677	-0.00148947	0.128669	0.991686
0.264	0.264	1	0.00978461	-0.023924	0.35091	0.999836	0.00883188	-0.0157799	-0.00916859	0.999729	-0.0213944	0.0155867	0.0215356	0.999647	-0.0061643	-0.0203131	0.326401	0.999959	0.00905334	0.000322934	-0.00893511	0.991524	-0.129616	-0.00149365	0.129608	0.991564
0.266	0.266	1	0.00896042	-0.0240146	0.350681	0.999828	0.00890242	-0.0162501	-0.00925894	0.999715	-0.0219979	0.0160497	0.0221446	0.999626	-0.00633771	-0.0203131	0.325997	0.999959	0.00905321	0.000318642	-0.00893413	0.991401	-0.130554	-0.00149783	0.130546	0.991441
0.268	0.268	1	0.00817153	-0.0241011	0.350458	0.99982	0.00897171	-0.0167003	-0.00934768	0.999701	-0.0225728	0.0164928	0.0227249	0.999606	-0.00650755	-0.0203131	0.325591	0.999959	0.00905308	0.000314353	-0.00893314	0.991277	-0.131491	-0.00150201	0.131483	0.991317
0.27	0.27	1	0.00812746	-0.024106	0.350445	0.99982	0.00897563	-0.0167255	-0.0093527	0.999701	-0.0226049	0.0165176	0.0227572	0.999605	-0.00667382	-0.0203131	0.325184	0.999959	0.00905294	0.000310069	-0.00893215	0.991153	-0.132427	-0.00150618	0.132419	0.991193
0.272	0.272	1	0.00728548	-0.0241982	0.350205	0.999811	0.00905144	-0.0172066	-0.00944983	0.999686	-0.0232153	0.016991	0.0233735	0.999582	-0.0068365	-0.0203131	0.324776	0.999959	0.0090528	0.000305789	-0.00893116	0.991027	-0.133362	-0.00151035	0.133354	0.991067
0.274	0.274	1	0.00643449	-0.0242913	0.349959	0.999802	0.0091297	-0.017694	-0.00955027	0.99967	-0.0238316	0.0174706	0.0239959	0.999559	-0.00699558	-0.0203131	0.324366	0.999959	0.00905266	0.000301514	-0.00893016	0.990901	-0.134296	-0.00151451	0.134288	0.990941
0.276	0.276	1	0.00643449	-0.0242913	0.349959	0.999802	0.0091297	-0.017694	-0.00955027	0.99967	-0.0238316	0.0174706	0.0239959	0.999559	-0.00715104	-0.0203131	0.323954	0.999959	0.00905251	0.000297242	-0.00892916	0.990774	-0.135229	-0.00151866	0.135221	0.990814
0.278	0.278	1	0.00557783	-0.0243847	0.349706	0.999792	0.00920974	-0.0181912	-0.0096538	0.999654	-0.0244754	0.0179595	0.0246459	0.999535	-0.00730289	-0.0203131	0.323541	0.999959	0.00905236	0.000292975	-0.00892816	0.990647	-0.136161	-0.00152281	0.136153	0.990687
0.28	0.28	1	0.0047618	-0.0244735	0.349461	0.999783	0.00928757	-0.0186673	-0.00975491	0.999637	-0.0251017	0.0184274	0.0252783	0.999511	-0.00745109	-0.0203131	0.323127	0.999959	0.0090522	0.000288713	-0.00892716	0.990518	-0.137092	-0.00152696	0.137084	0.990558
0.282	0.282	1	0.0047618	-0.0244735	0.349461	0.999783	0.00928757	-0.0186673	-0.00975491	0.999637	-0.0251017	0.0184274	0.0252783	0.999511	-0.00759564	-0.0203131	0.322712	0.999959	0.00905205	0.000284454	-0.00892615	0.990389	-0.138022	-0.0015311	0.138014	0.990429
0.284	0.284	1	0.00389542	-0.0245676	0.349197	0.999772	0.00937219	-0.0191718	-0.00986495	0.999619	-0.0257711	0.018923	0.0259543	0.999484	-0.00773654	-0.0203131	0.322295	0.999959	0.00905188	0.0002802	-0.00892514	0.990259	-0.138951	-0.00153523	0.138942	0.990299
0.286	0.286	1	0.00389542	-0.0245676	0.349197	0.999772	0.00937219	-0.0191718	-0.00986495	0.999619	-0.0257711	0.018923	0.0259543	0.999484	-0.00787377	-0.0203131	0.321877	0.999959	0.00905172	0.000275951	-0.00892413	0.990128	-0.139878	-0.00153937	0.13987	0.990169
0.288	0.288	1	0.00302358	-0.0246623	0.348927	0.999762	0.00945942	-0.019678	-0.00997842	0.9996	-0.0264455	0.01942	0.0266356	0.999457	-0.00800731	-0.0203131	0.321458	0.999959	0.00905155	0.000271706	-0.00892311	0.989997	-0.140805	-0.00154349	0.140797	0.990037
0.29	0.29	1	0.00214598	-0.0247574	0.348651	0.999751	0.00954924	-0.0201867	-0.0100953	0.999581	-0.0271239	0.0199192	0.0273209	0.999428	-0.00813716	-0.0203131	0.321038	0.999959	0.00905137	0.000267465	-0.00892209	0.989865	-0.141731	-0.00154761	0.141722	0.989905
0.292	0.292	1	0.00214598	-0.0247574	0.348651	0.999751	0.00954924	-0.0201867	-0.0100953	0.999581	-0.0271239	0.0199192	0.0273209	0.999428	-0.00826332	-0.0203131	0.320617	0.999959	0.00905119	0.000263229	-0.00892107	0.989732	-0.142655	-0.00155173	0.142647	0.989772
0.294	0.294	1	0.00116893	-0.0248632	0.348339	0.999738	0.00965143	-0.0207527	-0.0102284	0.999559	-0.0278778	0.0204745	0.0280828	0.999396	-0.00838576	-0.0203131	0.320194	0.999959	0.00905101	0.000258997	-0.00892005	0.989599	-0.143579	-0.00155584	0.14357	0.989639
0.296	0.296	1	0.0002782	-0.0249596	0.348051	0.999726	0.00974647	-0.0212691	-0.0103523	0.999538	-0.0285637	0.0209809	0.0287761	0.999366	-0.00850448	-0.0203131	0.319771	0.999959	0.00905083	0.00025477	-0.00891902	0.989464	-0.144501	-0.00155994	0.144493	0.989505
0.298	0.298	1	-0.000618002	-0.0250566	0.347757	0.999714	0.0098434	-0.0217915	-0.0104793	0.999517	-0.0292595	0.021493	0.0294795	0.999334	-0.00861947	-0.0203131	0.319346	0.999959	0.00905064	0.000250548	-0.00891799	0.989329	-0.145422	-0.00156404	0.145414	0.98937
0.3	0.3	1	-0.000618002	-0.0250566	0.347757	0.999714	0.0098434	-0.0217915	-0.0104793	0.999517	-0.0292595	0.021493	0.0294795	0.999334	-0.00873072	-0.0203131	0.318921	0.999959	0.00905044	0.00024633	-0.00891696	0.989194	-0.146343	-0.00156813	0.146334	0.989234
0.302	0.302	1	-0.00146859	-0.0251483	0.347473	0.999702	0.00993636	-0.0222944	-0.0106021	0.999495	-0.0299438	0.0219856	0.0301712	0.999303	-0.00883822	-0.0203131	0.318494	0.999959	0.00905025	0.000242117	-0.00891592	0.989057	-0.147262	-0.00157222	0.147254	0.989098
